x,y,headinng,sonar_ang,read,expected
40.0,68.0,-90.0,90.0,58.0,65.068603515625
40.0,68.0,-90.0,89.0,58.0,65.068603515625
40.0,68.0,-90.0,88.0,58.0,65.068603515625
40.0,68.0,-90.0,87.0,58.0,65.068603515625
40.0,68.0,-90.0,86.0,58.0,65.068603515625
40.0,68.0,-90.0,85.0,59.0,65.068603515625
40.0,68.0,-90.0,84.0,58.0,65.068603515625
40.0,68.0,-90.0,83.0,58.0,65.068603515625
40.0,68.0,-90.0,82.0,58.0,65.068603515625
40.0,68.0,-90.0,81.0,59.0,65.068603515625
40.0,68.0,-90.0,80.0,59.0,65.068603515625
40.0,68.0,-90.0,79.0,59.0,65.068603515625
40.0,68.0,-90.0,78.0,59.0,65.068603515625
40.0,68.0,-90.0,77.0,59.0,65.068603515625
40.0,68.0,-90.0,76.0,59.0,65.068603515625
40.0,68.0,-90.0,75.0,59.0,65.068603515625
40.0,68.0,-90.0,74.0,59.0,65.068603515625
40.0,68.0,-90.0,73.0,59.0,65.068603515625
40.0,68.0,-90.0,72.0,59.0,65.068603515625
40.0,68.0,-90.0,71.0,59.0,65.068603515625
40.0,68.0,-90.0,70.0,59.0,65.0871810913086
40.0,68.0,-90.0,69.0,59.0,64.97076416015625
40.0,68.0,-90.0,68.0,59.0,63.56062698364258
40.0,68.0,-90.0,67.0,60.0,62.228946685791016
40.0,68.0,-90.0,66.0,60.0,60.970123291015625
40.0,68.0,-90.0,65.0,60.0,59.77906036376953
40.0,68.0,-90.0,64.0,60.0,58.65117263793945
40.0,68.0,-90.0,63.0,60.0,57.58226013183594
40.0,68.0,-90.0,62.0,60.0,56.56854248046875
40.0,68.0,-90.0,61.0,60.0,55.606544494628906
40.0,68.0,-90.0,60.0,60.0,54.693092346191406
40.0,68.0,-90.0,59.0,60.0,53.825313568115234
40.0,68.0,-90.0,58.0,60.0,53.000518798828125
40.0,68.0,-90.0,57.0,61.0,52.21629333496094
40.0,68.0,-90.0,56.0,61.0,51.47038650512695
40.0,68.0,-90.0,55.0,61.0,50.7607307434082
40.0,68.0,-90.0,54.0,61.0,50.08543014526367
40.0,68.0,-90.0,53.0,61.0,49.442718505859375
40.0,68.0,-90.0,52.0,61.0,48.83098602294922
40.0,68.0,-90.0,51.0,61.0,48.24871826171875
40.0,68.0,-90.0,50.0,61.0,47.69453048706055
40.0,68.0,-90.0,49.0,62.0,47.167137145996094
40.0,68.0,-90.0,48.0,64.0,46.66533660888672
40.0,68.0,-90.0,47.0,65.0,46.188018798828125
40.0,68.0,-90.0,46.0,68.0,45.73416519165039
40.0,68.0,-90.0,45.0,69.0,45.302799224853516
40.0,68.0,-90.0,44.0,70.0,44.89305114746094
40.0,68.0,-90.0,43.0,70.0,44.50407791137695
40.0,68.0,-90.0,42.0,71.0,44.13511657714844
40.0,68.0,-90.0,41.0,72.0,43.78544998168945
40.0,68.0,-90.0,40.0,73.0,43.45441818237305
40.0,68.0,-90.0,39.0,165.0,43.141387939453125
40.0,68.0,-90.0,38.0,165.0,42.84579849243164
40.0,68.0,-90.0,37.0,44.0,42.56711196899414
40.0,68.0,-90.0,36.0,43.0,42.30482864379883
40.0,68.0,-90.0,35.0,43.0,42.05849075317383
40.0,68.0,-90.0,34.0,42.0,41.82767105102539
40.0,68.0,-90.0,33.0,42.0,41.61198043823242
40.0,68.0,-90.0,32.0,42.0,41.411048889160156
40.0,68.0,-90.0,31.0,42.0,41.224544525146484
40.0,68.0,-90.0,30.0,41.0,41.052162170410156
40.0,68.0,-90.0,29.0,41.0,40.89362335205078
40.0,68.0,-90.0,28.0,41.0,40.7486686706543
40.0,68.0,-90.0,27.0,41.0,40.6170654296875
40.0,68.0,-90.0,26.0,41.0,40.49860382080078
40.0,68.0,-90.0,25.0,41.0,40.393104553222656
40.0,68.0,-90.0,24.0,40.0,40.300392150878906
40.0,68.0,-90.0,23.0,40.0,40.220333099365234
40.0,68.0,-90.0,22.0,40.0,40.152793884277344
40.0,68.0,-90.0,21.0,40.0,40.09767532348633
40.0,68.0,-90.0,20.0,40.0,40.054893493652344
40.0,68.0,-90.0,19.0,40.0,40.024383544921875
40.0,68.0,-90.0,18.0,40.0,40.0060920715332
40.0,68.0,-90.0,17.0,40.0,40.0
40.0,68.0,-90.0,16.0,39.0,40.0
40.0,68.0,-90.0,15.0,39.0,40.0
40.0,68.0,-90.0,14.0,39.0,40.0
40.0,68.0,-90.0,13.0,39.0,40.0
40.0,68.0,-90.0,12.0,39.0,40.0
40.0,68.0,-90.0,11.0,39.0,40.0
40.0,68.0,-90.0,10.0,39.0,40.0
40.0,68.0,-90.0,9.0,39.0,40.0
40.0,68.0,-90.0,8.0,39.0,40.0
40.0,68.0,-90.0,7.0,39.0,40.0
40.0,68.0,-90.0,6.0,39.0,40.0
40.0,68.0,-90.0,5.0,39.0,40.0
40.0,68.0,-90.0,4.0,39.0,40.0
40.0,68.0,-90.0,3.0,39.0,40.0
40.0,68.0,-90.0,2.0,39.0,40.0
40.0,68.0,-90.0,1.0,39.0,40.0
40.0,68.0,-90.0,-0.0,39.0,40.0
40.0,68.0,-90.0,-1.0,39.0,40.0
40.0,68.0,-90.0,-2.0,39.0,40.0
40.0,68.0,-90.0,-3.0,39.0,40.0
40.0,68.0,-90.0,-4.0,39.0,40.0
40.0,68.0,-90.0,-5.0,39.0,40.0
40.0,68.0,-90.0,-6.0,39.0,40.0
40.0,68.0,-90.0,-7.0,39.0,40.0
40.0,68.0,-90.0,-8.0,39.0,40.0
40.0,68.0,-90.0,-9.0,39.0,40.0
40.0,68.0,-90.0,-10.0,39.0,40.0
40.0,68.0,-90.0,-11.0,39.0,40.0
40.0,68.0,-90.0,-12.0,39.0,40.0
40.0,68.0,-90.0,-13.0,39.0,40.0
40.0,68.0,-90.0,-14.0,39.0,40.0
40.0,68.0,-90.0,-15.0,39.0,40.0
40.0,68.0,-90.0,-16.0,39.0,40.0
40.0,68.0,-90.0,-17.0,39.0,40.0
40.0,68.0,-90.0,-18.0,39.0,40.0060920715332
40.0,68.0,-90.0,-19.0,39.0,40.024383544921875
40.0,68.0,-90.0,-20.0,39.0,40.054893493652344
40.0,68.0,-90.0,-21.0,39.0,40.09767532348633
40.0,68.0,-90.0,-22.0,39.0,40.152793884277344
40.0,68.0,-90.0,-23.0,39.0,40.220333099365234
40.0,68.0,-90.0,-24.0,40.0,40.300392150878906
40.0,68.0,-90.0,-25.0,40.0,40.393104553222656
40.0,68.0,-90.0,-26.0,40.0,40.49860382080078
40.0,68.0,-90.0,-27.0,40.0,40.6170654296875
40.0,68.0,-90.0,-28.0,40.0,40.7486686706543
40.0,68.0,-90.0,-29.0,40.0,40.89362335205078
40.0,68.0,-90.0,-30.0,40.0,41.05216598510742
40.0,68.0,-90.0,-31.0,41.0,41.224544525146484
40.0,68.0,-90.0,-32.0,41.0,41.411048889160156
40.0,68.0,-90.0,-33.0,41.0,41.611976623535156
40.0,68.0,-90.0,-34.0,41.0,41.82767105102539
40.0,68.0,-90.0,-35.0,41.0,42.05849075317383
40.0,68.0,-90.0,-36.0,41.0,42.30482864379883
40.0,68.0,-90.0,-37.0,41.0,42.56711196899414
40.0,68.0,-90.0,-38.0,41.0,42.845802307128906
40.0,68.0,-90.0,-39.0,41.0,43.141387939453125
40.0,68.0,-90.0,-40.0,42.0,43.45441436767578
40.0,68.0,-90.0,-41.0,42.0,43.78544998168945
40.0,68.0,-90.0,-42.0,43.0,44.13511276245117
40.0,68.0,-90.0,-43.0,42.0,44.50407791137695
40.0,68.0,-90.0,-44.0,42.0,44.89305114746094
40.0,68.0,-90.0,-45.0,43.0,45.30280303955078
40.0,68.0,-90.0,-46.0,43.0,45.734161376953125
40.0,68.0,-90.0,-47.0,44.0,46.18802261352539
40.0,68.0,-90.0,-48.0,80.0,46.66533660888672
40.0,68.0,-90.0,-49.0,44.0,47.167137145996094
40.0,68.0,-90.0,-50.0,79.0,47.69453048706055
40.0,68.0,-90.0,-51.0,78.0,48.24871826171875
40.0,68.0,-90.0,-52.0,78.0,48.83098220825195
40.0,68.0,-90.0,-53.0,78.0,49.442718505859375
40.0,68.0,-90.0,-54.0,78.0,50.085426330566406
40.0,68.0,-90.0,-55.0,78.0,50.76072692871094
40.0,68.0,-90.0,-56.0,78.0,51.47038269042969
40.0,68.0,-90.0,-57.0,77.0,52.21629333496094
40.0,68.0,-90.0,-58.0,77.0,53.000518798828125
40.0,68.0,-90.0,-59.0,71.0,53.8253059387207
40.0,68.0,-90.0,-60.0,70.0,54.69309616088867
40.0,68.0,-90.0,-61.0,70.0,55.606544494628906
40.0,68.0,-90.0,-62.0,255.0,56.56854248046875
40.0,68.0,-90.0,-63.0,69.0,57.58226013183594
40.0,68.0,-90.0,-64.0,69.0,58.65116882324219
40.0,68.0,-90.0,-65.0,69.0,59.77906036376953
40.0,68.0,-90.0,-66.0,69.0,60.97012710571289
40.0,68.0,-90.0,-67.0,69.0,62.22895050048828
40.0,68.0,-90.0,-68.0,68.0,63.560630798339844
40.0,68.0,-90.0,-69.0,68.0,64.97077178955078
40.0,68.0,-90.0,-70.0,68.0,66.4655990600586
40.0,68.0,-90.0,-71.0,68.0,68.04145050048828
40.0,68.0,-90.0,-72.0,68.0,68.01036071777344
40.0,68.0,-90.0,-73.0,67.0,68.0
40.0,68.0,-90.0,-74.0,67.0,68.0
40.0,68.0,-90.0,-75.0,67.0,68.0
40.0,68.0,-90.0,-76.0,67.0,68.0
40.0,68.0,-90.0,-77.0,67.0,68.0
40.0,68.0,-90.0,-78.0,67.0,68.0
40.0,68.0,-90.0,-79.0,67.0,68.0
40.0,68.0,-90.0,-80.0,67.0,68.0
40.0,68.0,-90.0,-81.0,66.0,68.0
40.0,68.0,-90.0,-82.0,66.0,68.0
40.0,68.0,-90.0,-83.0,66.0,68.0
40.0,68.0,-90.0,-84.0,66.0,68.0
40.0,68.0,-90.0,-85.0,66.0,68.0
40.0,68.0,-90.0,-86.0,66.0,68.0
40.0,68.0,-90.0,-87.0,66.0,68.0
40.0,68.0,-90.0,-88.0,66.0,68.0
40.0,68.0,-90.0,-89.0,66.0,68.0
40.0,68.0,-90.0,-90.0,66.0,68.0
