-0.0192704217317203 -0.0150233481309457 38.0652144786343
-6.57349549137605E-5 8.39397986166345E-5 38.3152144786343
0.0573500236221048 0.0456567601201971 38.5652144786343
0.210193217078273 0.167518022842053 38.5652144786343
0.478596766615141 0.37960612383141 38.0652144786343
0.671628283682429 0.529418832560998 37.5652144786343
0.865311642411772 0.678387858970905 37.5652144786343
1.02025832939525 0.797563080098831 37.5652144786343
1.17468354304908 0.917413247082501 38.0652144786343
1.34752572404034 1.05337883844856 38.3152144786343
1.52036790503159 1.18934442981462 38.0652144786343
1.69380170061708 1.32455456299313 37.8152144786343
1.84822691427091 1.44440472997681 37.8152144786343
2.00265212792474 1.56425489696048 37.8152144786343
2.15707734157857 1.68410506394414 37.8152144786343
2.33051113716405 1.81931519712266 38.0652144786343
2.50394493274953 1.95452533030117 37.8152144786343
2.67796704099977 2.0889774310861 37.5652144786343
2.83291372798325 2.20815265221402 37.5652144786343
2.96826425662232 2.31272650838008 37.8152144786343
3.12268947027615 2.43257667536375 37.8152144786343
3.29612326586163 2.56778680854226 38.0652144786343
3.46955706144712 2.70299694172077 37.8152144786343
3.62398227510095 2.82284710870444 37.8152144786343
3.77840748875478 2.94269727568811 37.8152144786343
3.95184128434026 3.07790740886662 38.0652144786343
4.10574208463098 3.19843023993162 38.0652144786343
4.24063503675302 3.30359367684824 37.8152144786343
4.41465714500326 3.43804577763316 37.5652144786343
4.56908235865709 3.55789594461683 38.0652144786343
4.7229831589478 3.67841877568183 38.0652144786343
4.87688395923852 3.79894160674682 38.0652144786343
5.050317754824 3.93415173992534 37.8152144786343
5.20474296847783 4.054001906909 37.8152144786343
5.35916818213166 4.17385207389267 37.8152144786343
5.5331902903819 4.3083041746776 37.5652144786343
5.66854081902098 4.41287803084366 37.8152144786343
5.82296603267481 4.53272819782733 37.8152144786343
5.97739124632864 4.652578364811 37.8152144786343
6.15141335457887 4.78703046559592 37.5652144786343
6.30636004156235 4.90620568672385 37.5652144786343
6.48038214981259 5.04065778750878 37.8152144786343
6.63480736346642 5.16050795449245 37.8152144786343
6.78923257712025 5.28035812147612 37.8152144786343
6.94365779077408 5.40020828845979 37.8152144786343
7.17529561125482 5.57998353893529 37.8152144786343
7.32972082490865 5.69983370591896 37.8152144786343
7.48414603856248 5.81968387290263 37.8152144786343
7.63857125221631 5.9395340398863 37.8152144786343
7.79299646587015 6.05938420686997 37.8152144786343
7.94742167952398 6.17923437385364 37.8152144786343
8.10184689317781 6.29908454083731 37.8152144786343
8.29487841024509 6.4488972495669 37.8152144786343
8.44930362389893 6.56874741655057 37.8152144786343
8.60372883755275 6.68859758353424 37.8152144786343
8.75815405120658 6.80844775051791 37.8152144786343
8.91257926486041 6.92829791750158 37.8152144786343
9.0860130604459 7.06350805068009 38.0652144786343
9.23991386073661 7.18403088174509 38.0652144786343
9.39433907439044 7.30388104872876 37.5652144786343
9.52968960302952 7.40845490489481 37.8152144786343
9.68411481668335 7.52830507187848 37.8152144786343
9.87714633375064 7.67811778060807 37.8152144786343
10.0315715474045 7.79796794759174 37.8152144786343
10.1859967610583 7.91781811457541 37.8152144786343
10.3404219747121 8.03766828155908 37.8152144786343
10.494847188366 8.15751844854275 37.8152144786343
10.6492724020198 8.27736861552642 37.8152144786343
10.8227061976053 8.41257874870493 38.0652144786343
10.9575991497273 8.51774218562155 37.8152144786343
11.1120243633811 8.63759235260522 37.8152144786343
11.3050558804484 8.78740506133481 37.8152144786343
11.4594810941023 8.90725522831848 37.8152144786343
11.6139063077561 9.02710539530215 37.8152144786343
11.7683315214099 9.14695556228582 37.8152144786343
11.9227567350638 9.26680572926949 37.8152144786343
12.096778843314 9.40125783005442 37.5652144786343
12.2321293719531 9.50583168622047 37.8152144786343
12.3865545856069 9.62568185320414 37.8152144786343
12.5599883811924 9.76089198638265 38.0652144786343
12.7334221767779 9.89610211956117 37.8152144786343
12.8878473904317 10.0159522865448 37.8152144786343
13.0422726040855 10.1358024535285 37.8152144786343
13.1966978177393 10.2556526205122 37.8152144786343
13.3511230313932 10.3755027874959 37.8152144786343
13.505548245047 10.4953529544795 37.8152144786343
13.6985797621143 10.6451656632091 37.8152144786343
13.8339302907534 10.7497395193752 37.5652144786343
14.1626387174483 11.0037045986356 37.8152144786343
14.1818434042251 11.0188118865651 38.5652144786343
14.3695289435734 11.1752700362337 41.0652144786343
14.5678842341523 11.3566487725177 43.8152144786343
14.8073765840937 11.6009134697312 47.3152144786343
15.0469151264488 11.8783257420847 51.0652144786343
15.2818414337249 12.1908228887946 55.0652144786343
15.5069203497362 12.5399460373126 59.3152144786343
15.7055073509615 12.9047894204352 63.5652144786343
15.8687797290137 13.260017469887 67.0652144786343
15.9965657565822 13.5773383786585 69.0652144786344
16.1187943082489 13.8968411316086 69.0652144786343
16.2342315777224 14.1927730679498 68.3152144786343
16.3373485559289 14.4409865971584 66.5652144786343
16.4668511467581 14.7310392701312 65.3152144786343
16.5893054302972 14.9974603072201 65.3152144786343
16.7059186287381 15.2664892694342 67.8152144786343
16.8094900277185 15.5408032972816 70.8152144786343
16.905325262461 15.8436515792843 74.0652144786343
16.993487101557 16.1741804253968 76.0652144786343
17.0693099203806 16.4826482102233 76.3152144786343
17.1464779577751 16.7907822202495 75.5652144786343
17.2303495392704 17.0971594908615 73.8152144786343
17.3092015748717 17.3541136185928 72.0652144786343
17.4103076447501 17.6552432198675 70.8152144786343
17.5213112528126 17.9788170553091 71.3152144786343
17.6184669959935 18.2812442956449 73.0652144786343
17.7109477709711 18.6105908217307 75.5652144786343
17.7953263209502 18.9672651023137 77.8152144786343
17.8660687940826 19.3019550042832 78.3152144786343
17.9324361009269 19.6125944330626 77.5652144786343
17.9993162667039 19.8980804467064 76.0652144786343
18.0805110424985 20.2051779597439 74.3152144786343
18.1622407348507 20.4867724872984 73.3152144786343
18.2527759421164 20.7912471995086 73.5652144786344
18.3393179421668 21.0968808958796 74.8152144786343
18.4178297289641 21.4046752646781 76.5652144786343
18.4929470968758 21.7384105025887 78.0652144786344
18.5535835024178 22.0252875614198 78.0652144786343
18.6226590882009 22.3353360053425 76.8152144786344
18.6932704206517 22.6199221263851 75.3152144786343
18.7713071525421 22.9025623376723 73.8152144786343
18.8554910775189 23.1834329259084 72.8152144786343
18.9486798468658 23.4871059859545 73.0652144786343
19.0454637116204 23.8152137601819 74.0652144786344
19.1365065654925 24.1449606733503 75.0652144786343
19.2177013412871 24.4520581863878 75.3152144786343
19.2932686319408 24.7353686259128 74.8152144786343
19.3798106319912 25.0410023222838 73.5652144786344
19.4652192808431 25.3215029163329 72.5652144786343
19.5567266929609 25.6000735789809 71.0652144786343
19.6617657655323 25.8998539441876 70.3152144786343
19.7681118726583 26.1991731377407 70.5652144786344
19.8731509452297 26.4989535029475 70.8152144786343
19.9682968949975 26.7763025047545 71.3152144786343
20.0707159240042 27.0769880824391 71.0652144786344
20.1757549965756 27.3767684476458 70.3152144786344
20.286009959963 27.6746699702646 69.0652144786343
20.3847793095593 27.9246453347647 67.8152144786343
20.506644829258 28.2179885965566 67.0652144786343
20.6220830610566 28.4875238172603 66.5652144786343
20.7386962594974 28.7565527794744 66.5652144786343
20.8553094579383 29.0255817416885 66.5652144786344
20.9616666165758 29.2724242463006 66.8152144786343
21.0782798150167 29.5414532085147 66.3152144786343
21.1984045032343 29.8089327027591 65.3152144786344
21.3133115511402 30.0519130262796 64.0652144786344
21.4345397066394 30.2918021706586 62.3152144786343
21.5620058860094 30.5284357278593 61.0652144786343
21.6946038657261 30.7622323126326 59.8152144786343
21.8561088899537 31.035760375689 59.0652144786343
22.007935737299 31.2866066014644 58.5652144786343
22.1362774745808 31.4945330614201 58.0652144786343
22.2924590682475 31.7426913382523 57.5652144786343
22.4518755729395 31.9887840008661 56.5652144786343
22.6024082659627 32.2114563512103 55.3152144786343
22.7871382563114 32.4698674670624 53.5652144786343
22.9500527594266 32.6836475689226 51.8152144786343
23.1343196516704 32.9117285479266 50.3152144786343
23.3244938642497 33.1349078243624 48.8152144786343
23.5194914507739 33.3538853615901 47.8152144786343
23.7192196029529 33.5685569381619 46.3152144786343
23.9069730067132 33.7608892720348 45.0652144786343
24.1167706897434 33.9657310469631 43.5652144786343
24.331858612901 34.1650107646274 42.0652144786343
24.534123456572 34.3420192398238 40.3152144786343
24.7794406433886 34.5438135707217 38.5652144786343
25.0308059108612 34.7380221607444 36.8152144786343
25.3082051527249 34.938200802459 34.8152144786344
25.5717340773755 35.1155535019102 33.0652144786344
25.8405561774758 35.2847757008907 31.3152144786343
26.1151202879915 35.4445130582838 29.0652144786343
26.3738571949456 35.5824638956875 27.0652144786343
26.6595041993632 35.7214144732229 24.8152144786343
26.973060805636 35.8581773433592 22.3152144786343
27.2697311777529 35.9717033951631 19.5652144786343
27.5715066677637 36.0708650195895 16.8152144786344
27.8543091189677 36.1483117377488 13.8152144786343
28.1645010420457 36.2167401308855 11.0652144786343
28.5013207123084 36.2765258959925 9.06521447863434
28.7916358396789 36.317664045932 7.06521447863431
29.0830718593491 36.3499172163091 5.5652144786343
29.3752523007479 36.3745304287083 4.06521447863429
29.6680481174235 36.3902094050104 2.06521447863431
29.9612127591804 36.3956604034652 0.0652144786343357
30.254365386818 36.3895976095753 357.565214478634
30.5468895344232 36.3694768832355 354.565214478634
30.8379597503974 36.3340742006629 351.565214478634
31.1267782315107 36.2834865981495 348.565214478634
31.4125533463817 36.2178527327975 345.565214478634
31.7178065238279 36.1299779822195 342.315214478634
32.0175868890346 36.0249389096481 339.065214478634
32.2886100577699 35.9130386747542 336.065214478634
32.5757686219305 35.7772394363199 333.315214478634
32.8342170749107 35.638748939488 330.315214478634
33.1063253435296 35.4748631125248 327.565214478634
33.3694835757545 35.296960838952 324.315214478634
33.5839724889462 35.1349806753688 321.565214478634
33.827093261572 34.930545443454 318.315214478634
34.0582330127276 34.7126558164272 315.065214478634
34.2776525329015 34.4829678796591 312.315214478634
34.4847504084406 34.2421111918189 309.065214478634
34.677860365332 33.9899009250185 305.815214478634
34.8575060062517 33.7279297093694 303.065214478634
35.040376455864 33.4388272592866 301.565214478634
35.2060653845972 33.1678131396814 301.315214478634
35.3999665009147 32.8567847821048 302.565214478634
35.5738545190849 32.5909569595072 303.815214478634
35.7500556720625 32.3266566987818 303.565214478634
35.9089582571419 32.0802318846585 302.065214478634
36.0602612811581 31.8290693566331 300.065214478634
36.2139710408803 31.5510859328533 297.815214478634
36.3473852860428 31.2899808587006 296.315214478634
36.48882328149 31.0055572879931 296.565214478634
36.6352036110018 30.7236454697552 298.315214478634
36.7798801187376 30.4686083574167 300.815214478634
36.9589506672446 30.1771369752148 302.315214478634
36.9589506672446 30.1771369752148 37.8152144786343
37.0165647275751 30.2224588390035 38.5652144786344
37.0924517010854 30.2840540460894 39.5652144786343
37.1488596304307 30.3308685394864 39.8152144786343
37.2050627566994 30.377928712485 40.0652144786344
37.2798631876675 30.4408389486275 40.0652144786343
37.4484725664737 30.5820194676232 39.8152144786344
37.6368389944881 30.7376571978666 39.3152144786344
37.8636914710343 30.9234344151066 39.3152144786344
38.0335264465227 31.0631381826513 39.5652144786343
38.2033614220111 31.202841950196 39.3152144786343
38.3545964063753 31.326693428356 39.3152144786344
38.5244313818637 31.4663971959007 39.5652144786343
38.6942663573521 31.6061009634454 39.3152144786344
38.8263602271765 31.7147594493135 39.5652144786344
38.9579787289821 31.8239932672398 39.8152144786344
39.1081271604608 31.9491597869747 39.8152144786343
39.2958126998091 32.1056179366433 39.8152144786344
39.4650364878449 32.2460614168342 39.5652144786343
39.6157296302564 32.3705716010289 39.5652144786343
39.7849534182922 32.5110150812198 39.8152144786343
39.9917824925583 32.6826682236754 39.5652144786343
40.1610062805941 32.8231117038664 39.8152144786344
40.2926247823997 32.9323455217927 39.5652144786343
40.4433179248112 33.0568557059873 39.5652144786343
40.6125417128471 33.1972991861783 39.8152144786343
40.7817655008829 33.3377426663692 39.5652144786343
40.9509892889187 33.4781861465601 39.8152144786343
41.1202130769545 33.6186296267511 39.5652144786343
41.2523069467789 33.7272881126192 39.3152144786344
41.3844008166032 33.8359465984873 39.5652144786343
41.5350939590147 33.9604567826819 39.5652144786344
41.7234603870291 34.1160945129253 39.5652144786343
41.8741535294406 34.2406046971199 39.5652144786343
42.0248466718521 34.3651148813146 39.5652144786344
42.1946816473405 34.5048186488593 39.3152144786344
42.3459166317047 34.6286701270193 39.3152144786344
42.4966097741162 34.753180311214 39.8152144786344
42.6467582055949 34.8783468309489 39.8152144786344
42.8159819936307 35.0187903111398 39.5652144786343
42.948075863455 35.1274487970079 39.3152144786344
43.1179108389434 35.2671525645526 39.5652144786343
43.2686039813549 35.3916627487473 39.5652144786344
43.4192971237665 35.516172932942 39.5652144786343
43.569990266178 35.6406831171366 39.5652144786343
43.7206834085895 35.7651933013313 39.5652144786343
43.9090498366039 35.9208310315746 39.5652144786343
44.0411437064282 36.0294895174427 39.3152144786344
44.1923786907923 36.1533409956027 39.3152144786344
44.3430718332038 36.2778511797974 39.8152144786343
44.5122956212397 36.4182946599883 39.5652144786343
44.6629887636512 36.542804844183 39.5652144786343
44.8136819060627 36.6673150283777 39.5652144786343
44.9643750484742 36.7918252125723 39.5652144786343
45.1150681908857 36.916335396767 39.5652144786344
45.2842919789215 37.0567788769579 39.8152144786343
45.4344404104002 37.1819453966928 39.8152144786343
45.603664198436 37.3223888768838 39.5652144786344
45.7166840552446 37.4157715150298 39.5652144786343
45.8859078432804 37.5562149952207 39.8152144786343
46.0360562747591 37.6813815149556 39.8152144786343
46.2052800627949 37.8218249951465 39.5652144786343
46.3559732052064 37.9463351793412 39.5652144786343
46.506666347618 38.0708453635359 39.5652144786343
46.6950327756323 38.2264830937792 39.5652144786343
46.8833992036467 38.3821208240225 39.5652144786343
47.0340923460582 38.5066310082172 39.5652144786343
47.1657108478639 38.6158648261435 39.8152144786343
47.3158592793425 38.7410313458784 39.8152144786344
47.4850830673784 38.8814748260693 39.5652144786343
47.6734494953927 39.0371125563126 39.5652144786343
47.8055433652171 39.1457710421807 39.3152144786344
47.9567783495812 39.2696225203408 39.3152144786344
48.1266133250696 39.4093262878854 39.5652144786343
48.2773064674812 39.5338364720801 39.5652144786343
48.4279996098927 39.6583466562748 39.5652144786343
48.5786927523042 39.7828568404694 39.5652144786343
48.7293858947157 39.9073670246641 39.5652144786343
48.8800790371272 40.0318772088588 39.5652144786343
49.0684454651416 40.1875149391021 39.5652144786343
49.2191386075531 40.3120251232968 39.5652144786343
49.3698317499646 40.4365353074914 39.5652144786343
49.5205248923761 40.5610454916861 39.5652144786343
49.6712180347876 40.6855556758808 39.5652144786344
49.8033119046119 40.7942141617489 39.3152144786343
49.9731468801004 40.9339179292936 39.5652144786343
50.1238400225119 41.0584281134882 39.5652144786343
50.2936749980003 41.1981318810329 39.3152144786343
50.4449099823644 41.3219833591929 39.3152144786344
50.6147449578529 41.4616871267376 39.5652144786343
50.7654381002644 41.5861973109323 39.5652144786343
50.9161312426759 41.710707495127 39.5652144786343
51.0668243850874 41.8352176793216 39.5652144786343
51.2366593605758 41.9749214468663 39.3152144786344
51.3878943449399 42.0987729250263 39.3152144786343
51.5385874873514 42.223283109221 39.8152144786344
51.6887359188301 42.3484496289559 39.8152144786343
51.8388843503088 42.4736161486908 39.8152144786343
52.0081081383446 42.6140596288817 39.5652144786344
52.177943113833 42.7537633964264 39.3152144786344
52.3100369836574 42.8624218822945 39.5652144786343
52.4607301260689 42.9869320664892 39.5652144786344
52.5923486278745 43.0961658844155 39.8152144786343
52.7800341672228 43.2526240340841 39.8152144786343
52.9307273096343 43.3771342182788 39.3152144786343
53.0819622939985 43.5009856964388 39.3152144786344
53.2517972694869 43.6406894639835 39.5652144786343
53.4024904118984 43.7651996481781 39.5652144786344
53.6285301255157 43.9519649244701 39.5652144786344
53.7792232679272 44.0764751086648 39.5652144786343
53.9299164103387 44.2009852928595 39.5652144786344
54.2313026951617 44.4500056612488 39.5652144786343
54.2501053382768 44.4656104923811 39.8152144786343
54.4343330970015 44.6261257477105 42.3152144786343
54.6278724743726 44.8126346662196 45.5652144786343
54.8586942170503 45.0651087264565 49.5652144786344
55.0725091590698 45.3321386846156 53.0652144786344
55.2817380057058 45.6330698592408 57.3152144786344
55.4812474027064 45.9692853214978 61.3152144786343
55.6568175997778 46.3185988518004 65.3152144786344
55.7901221783864 46.6336412573703 68.8152144786344
55.9109554771968 46.9536742898588 69.8152144786344
56.0317887760073 47.2737073223474 68.8152144786344
56.1609581564125 47.5904676404919 66.8152144786344
56.2716071120561 47.8354163614349 64.5652144786343
56.4252310344937 48.1410657004496 62.0652144786344
56.5557837310892 48.3760105039424 59.8152144786343
56.7208552905123 48.6474010977362 57.5652144786344
56.8824132614686 48.8920932361083 55.5652144786343
57.0671432518172 49.1505043519604 53.3152144786343
57.2618759948365 49.401463776821 51.0652144786344
57.4510745968854 49.6254707176584 48.5652144786343
57.6659200309162 49.8594427536077 46.3152144786344
57.8897855259276 50.0847996134399 44.0652144786343
58.1407214362782 50.3172926173816 41.5652144786344
58.4015597136436 50.5386186688222 39.0652144786344
58.6529249811161 50.7328272588449 36.3152144786343
58.9125222642699 50.9158866063509 34.0652144786343
59.1806034365856 51.0862801484233 30.8152144786343
59.4788803816572 51.2537695272628 27.8152144786344
59.7639183825761 51.3939651483153 24.5652144786343
60.0569834680803 51.5164981226062 20.8152144786343
60.3803037751002 51.6282380306686 17.3152144786343
60.7098425827682 51.7200312887326 13.8152144786343
61.0443705784761 51.7915354709386 10.3152144786343
61.4069201568063 51.845332175099 6.5652144786343
61.7233900425776 51.8726869832696 3.31521447863425
62.0653469382941 51.8820309362453 359.815214478634
62.4072364501517 51.8704814917979 356.315214478634
62.7233920362742 51.8397061852412 352.565214478634
63.0848212710522 51.7788359102806 348.315214478634
63.4642694324424 51.6846874670129 343.815214478634
63.789268538865 51.5779288195422 339.815214478634
64.0836640948281 51.4586278104963 336.065214478634
64.3919479891009 51.3103616022181 332.565214478634
64.7115474325478 51.1309389785765 328.815214478634
64.9986555389306 50.9449530564358 325.315214478634
65.2738739618996 50.7417865049473 321.815214478634
65.5543979303139 50.5058996988919 318.065214478634
65.8017765587814 50.26962519294 314.565214478634
66.0502890521952 50.0002224781371 310.815214478634
66.2806496807133 49.7151430805043 307.065214478634
66.4783999659073 49.4360075351308 303.565214478634
66.6709421235054 49.1241360877788 299.815214478634
66.84267466499 48.8003395215197 296.065214478634
66.9835301474843 48.4885999490613 292.565214478634
67.1050916604966 48.1688428122537 289.065214478634
67.2149412872949 47.8191724794855 285.815214478634
67.2928105649425 47.5112149341504 282.565214478634
67.353095631442 47.1993380595872 279.315214478634
67.3929666550851 46.9088461973359 276.315214478634
67.4175798674843 46.6166657559371 273.315214478634
67.4269491201073 46.2991540376724 270.065214478634
67.4196072683488 46.0060306544813 267.065214478634
67.3969345857865 45.7136932295319 264.065214478634
67.3551443558796 45.3988042795599 260.815214478634
67.2955694060831 45.0867909793837 257.565214478634
67.2184013686886 44.7786569693575 254.315214478634
67.131769622019 44.4985317098224 251.315214478634
67.0179465620725 44.1759388720072 249.815214478634
66.902717013315 43.8538457502576 250.815214478634
66.7987985471256 43.5279273856782 253.815214478634
66.7202867603283 43.2201330168797 257.565214478634
66.65154643364 42.8601176705225 260.815214478634
66.6028968824339 42.5462153046544 261.565214478634
66.5573575621764 42.256557936595 260.565214478634
66.5055102368603 41.9679629341813 259.065214478634
66.4391429300159 41.6573235054019 256.815214478634
66.3672905324699 41.3730481924965 254.815214478634
66.2794157818919 41.0677950150503 253.065214478634
66.1835805471493 40.7649467330476 251.815214478634
66.0684368711843 40.4169837809806 251.565214478634
65.9712811280034 40.1145565406448 252.815214478634
65.8759298202591 39.7860295918313 254.815214478634
65.7837905416643 39.4312808984356 256.065214478634
65.7184945100227 39.1705521207211 255.815214478634
65.6303326709267 38.8400232746086 254.315214478634
65.5537259570865 38.5823908258153 252.565214478634
65.4610039260946 38.3042220901002 250.565214478634
65.3520498487346 38.0058423267838 249.315214478634
65.2472825187346 37.731982824255 248.815214478634
65.1344321053062 37.4350547886653 249.565214478634
65.0177982615423 37.11346751517 250.565214478634
64.9300266907372 36.8594218133071 251.315214478634
64.8276076617305 36.5587362356226 251.065214478634
64.7300450389192 36.2822280889238 250.065214478634
64.6171946254909 35.9853000533341 248.315214478634
64.5052943905969 35.7142768845988 246.815214478634
64.3863379416405 35.446275795399 245.315214478634
64.240767629232 35.1367097893025 244.315214478634
64.1148364930212 34.8719144541977 244.815214478634
63.9923822094821 34.6054934171088 245.815214478634
63.8734257605256 34.337492327909 246.315214478634
63.7556398155897 34.0689747461082 246.315214478634
63.6545642818581 33.8465140737208 244.815214478634
63.5364865641511 33.6050586536994 243.065214478634
63.4100541035644 33.3678711747157 240.815214478634
63.2637355684739 33.1137725583292 239.315214478634
63.1260688978673 32.8829242204952 239.065214478634
62.9775385335422 32.6301121332959 240.065214478634
62.8356769158016 32.3734986068157 242.065214478634
62.7113190943308 32.135216841849 242.815214478634
62.6095717858547 31.940259034149 242.065214478634
62.4913537710708 31.7264144287488 240.065214478634
62.3516778361743 31.4967762340001 237.315214478634
62.2021181644476 31.2734491826391 235.065214478634
62.0321189777659 31.034544395981 234.065214478634
61.8473889874173 30.7761332801289 234.815214478634
61.6826419363936 30.533576833627 236.815214478634
61.5264603427269 30.2854185567948 238.815214478634
61.3746334953815 30.0345723310194 238.815214478634
61.2329589330584 29.8061617671937 237.565214478634
61.0983272905949 29.6022516518836 235.565214478634
60.9420172987614 29.3835960923165 233.315214478634
60.7772434392836 29.1712458097422 231.065214478634
60.5890240498338 28.9464154692724 229.065214478634
60.3949837862674 28.7265891817732 228.065214478634
60.1832193578917 28.489824950934 228.315214478634
59.9424726602272 28.2134605000913 229.565214478634
59.7703882585461 28.0069901003371 230.815214478634
59.5702272056446 27.7603384694252 231.065214478634
59.3839769729597 27.5338741866223 230.065214478634
59.1774279232595 27.2925466825991 228.815214478634
58.9805268463939 27.0752791367259 226.815214478634
58.7761631883434 26.865015692854 224.815214478634
58.5645859347457 26.6620125246013 222.815214478634
58.3096306807511 26.4339343659674 220.815214478634
58.0497606003934 26.2114723033138 220.315214478634
57.7718490375009 25.9725132161533 221.065214478634
57.5168937835063 25.7444350575194 222.565214478634
57.2669747007675 25.5108493557561 223.565214478634
57.0536339890292 25.3097002536561 223.065214478634
56.835956002066 25.1132530226951 221.065214478634
56.610733354848 24.9255032430928 218.565214478634
56.3973246675554 24.7621025103385 216.315214478634
56.1199254256917 24.5619238686239 215.315214478634
55.842526183828 24.3617452269093 216.315214478634
55.5903159170276 24.1686352700178 218.565214478634
55.3458815565314 23.9657724652976 220.815214478634
55.1059307935565 23.7576256289586 221.065214478634
54.8831850103927 23.5669438609698 220.065214478634
54.6563325338464 23.3811666437298 218.565214478634
54.4231347183191 23.2034196342082 216.065214478634
54.1831383750108 23.0349649644622 214.065214478634
53.9575672817463 22.8888117942602 211.815214478634
53.6851175912101 22.725494188789 210.065214478634
53.4307141749905 22.579706252469 209.565214478634
53.1554556946327 22.4211684237931 210.315214478634
52.8830060040965 22.257850818322 211.565214478634
52.6549185418736 22.1156566663558 212.315214478634
52.4268310796508 21.9734625143897 211.565214478634
52.2169808137936 21.8482911111147 210.065214478634
51.9817640705953 21.7182290067344 207.815214478634
51.7421515130987 21.5964550786276 206.065214478634
51.4776435353345 21.4699214852238 205.065214478634
51.1902021961244 21.3347218156855 205.315214478634
50.9268084899081 21.2058848020356 206.815214478634
50.6455380579184 21.0582757975051 208.565214478634
50.4097560526264 20.9292412546218 208.815214478634
50.1723052373697 20.8033040575332 207.065214478634
49.9306039259395 20.6857304919263 204.815214478634
49.684473040937 20.577736720233 202.565214478634
49.3657888903599 20.4533894639055 200.065214478634
49.1127243031232 20.3628279822296 199.315214478634
48.8141178125436 20.2544968329054 200.565214478634
48.5409599691918 20.1479134703389 202.065214478634
48.2478948836876 20.025380496048 203.315214478634
48.0008309591128 19.9195387063319 203.065214478634
47.7519574696382 19.8180248968607 201.315214478634
47.476981093386 19.7162250291603 199.315214478634
47.1986194611655 19.624083712325 197.315214478634
46.9172117137472 19.5417132063562 195.315214478634
46.6095968676882 19.4625009559511 193.565214478634
46.3239719030391 19.3962167185353 192.565214478634
45.9897590866588 19.3232535678879 192.065214478634
45.6792715421411 19.2561792894382 192.315214478634
45.3693811461097 19.1863980843925 193.065214478634
45.0837561814606 19.1201138469767 193.065214478634
44.7975636607841 19.0563246498548 192.065214478634
44.5100476921758 18.9987938897707 190.565214478634
44.1966996109588 18.9466934662817 188.315214478634
43.9300325727645 18.9130518548856 186.065214478634
43.6136850570469 18.8843164511221 184.315214478634
43.296607552202 18.8652552326019 182.565214478634
42.9792456756641 18.8517306826842 182.315214478634
42.6863241846128 18.8386073964775 182.815214478634
42.3690924147076 18.8223138918518 183.065214478634
42.0762309730143 18.8079126235077 182.565214478634
41.7831627987487 18.7986246854568 181.065214478634
41.4899476743462 18.7982909456964 179.065214478634
41.1969455056168 18.8094690349992 176.565214478634
40.929015512556 18.830836910304 174.315214478634
40.6376474368775 18.8636982102787 172.815214478634
40.3225791407232 18.9041140844936 172.565214478634
40.055982890131 18.9383121319062 172.815214478634
39.7650699177891 18.9749845068467 172.815214478634
39.474319727643 19.0129258759659 172.315214478634
39.2324625245641 19.047712476792 171.315214478634
38.9192238544232 19.1004667150911 169.565214478634
38.6556625540949 19.1531782721337 167.815214478634
38.3701765404511 19.2200584379107 165.815214478634
38.0875363291639 19.2980951698011 163.315214478634
37.7851090888281 19.395250912982 161.065214478634
37.4867293255117 19.504204990342 158.815214478634
37.1918160247817 19.6222203248655 157.565214478634
36.8990072923598 19.7453646318701 156.815214478634
36.5624038769797 19.8903971209213 156.565214478634
36.2944027877799 20.0093535698778 155.565214478634
36.02906049684 20.1341281233707 154.065214478634
35.7682344143726 20.2680869799846 151.565214478634
35.5141357979861 20.4144055150752 148.565214478634
35.2471592726487 20.5865246861426 145.815214478634
34.9863522546402 20.7678563532272 144.565214478634
34.7067672712394 20.9649706983217 145.065214478634
34.4246260935039 21.1584085017916 146.065214478634
34.1606941237136 21.335160841105 146.315214478634
33.9188588285116 21.5009646726506 144.815214478634
33.6837194074366 21.6761350845846 141.815214478634
33.4388238807966 21.8784409301794 139.065214478634
33.2224175434506 22.0762881381888 136.065214478634
32.9990228347062 22.3021116937253 133.315214478634
32.7687284845153 22.5550669076573 131.315214478634
32.5451346460057 22.8139638434557 130.315214478634
32.3390896741114 23.055721870597 130.565214478634
32.1166276114578 23.3155919509548 130.565214478634
31.8964417849591 23.577393459343 129.565214478634
31.7136498908763 23.8066582495272 127.565214478634
31.539999816142 24.0429226609509 125.065214478634
31.3637986631644 24.3072229216763 122.315214478634
31.2124956391481 24.5583854497017 119.815214478634
31.056365900007 24.8350169350498 119.065214478634
30.9116893922712 25.0900540473883 120.065214478634
30.7351691975855 25.3830769967513 122.065214478634
30.5647756555131 25.651158169067 122.815214478634
30.4205965045288 25.8779960841034 122.065214478634
30.2824046845147 26.1085304376341 119.815214478634
30.1544001597601 26.3448732160704 117.065214478634
30.0479947272514 26.5648343449337 114.565214478634
29.9319432211363 26.8341060821974 112.065214478634
29.822980195321 27.1063234210386 111.565214478634
29.7030093295823 27.4004466358722 112.815214478634
29.5834431077417 27.6681762366924 115.315214478634
29.4420051122945 27.9525998074 117.565214478634
29.3051845372317 28.2119361735349 118.065214478634
29.1930576561072 28.4290365577066 116.565214478634
29.0665240627034 28.6935445354708 114.565214478634
28.9504725565883 28.9628162727345 112.065214478634
28.8522250973771 29.2129972153244 110.815214478634
28.7361144637638 29.5086656020215 112.065214478634
28.6188891465041 29.7774284073982 115.065214478634
28.4619115129298 30.0813689452385 119.565214478634
28.2962225841966 30.3523830648438 123.315214478634
28.0996921361596 30.6323787987035 126.815214478634
27.8887771817959 30.9017051992123 129.315214478634
27.6697357722598 31.1644649542999 130.315214478634
27.4953900268108 31.3690294388041 130.565214478634
27.2893450549166 31.6107874659454 130.315214478634
27.1141083909988 31.8145892787332 131.065214478634
26.9167132336923 32.0314080335321 133.565214478634
26.7082411827247 32.2375987814475 137.065214478634
26.4867299662888 32.429713334654 141.065214478634
26.1932840922476 32.6493170712663 145.315214478634
25.9045639053099 32.8327904525508 149.815214478634
25.5591635458328 33.0159391031743 154.315214478634
25.1776796750687 33.1803092574324 159.065214478634
24.7838948118632 33.3125248872734 163.815214478634
24.3805138624747 33.4116778041965 168.565214478634
23.9703076486292 33.4770869273107 173.315214478634
23.5805244153634 33.5073171707271 177.815214478634
23.1651383424942 33.5059381383405 182.565214478634
22.7512931072549 33.4701664661174 187.315214478634
22.3418314104987 33.4002478694955 192.065214478634
21.9395658425754 33.2966626189658 196.815214478634
21.5700569202669 33.1689598668945 201.315214478634
21.2123919114225 33.0110973380901 206.315214478634
20.8480015396075 32.8116803172705 211.065214478634
20.5222365639573 32.5955275537172 216.065214478634
20.1957568887516 32.3387036589146 220.315214478634
19.9066652156864 32.0755101158392 224.315214478634
19.6540928074977 31.8099099261787 228.565214478634
19.3895390094122 31.4896619298032 232.315214478634
19.1863724579237 31.2144435068343 234.815214478634
18.9892581128291 30.9348585234335 234.815214478634
18.8171805880941 30.6974463374749 233.315214478634
18.6533348471042 30.4843791170113 231.565214478634
18.4542519169429 30.2368564694645 230.815214478634
18.2729862990635 30.0063830516147 232.815214478634
18.1019463151777 29.7682222981876 235.815214478634
17.9457647215111 29.5200640213553 239.815214478634
17.7841924752072 29.2185408262118 243.815214478634
17.6131895437579 28.8399837120272 247.565214478634
17.4770180039231 28.4996991342619 248.815214478634
17.3602905907638 28.2042737034891 248.065214478634
17.2152581017125 27.867670288109 245.315214478634
17.0881727803311 27.6034269501608 243.315214478634
16.944903142014 27.3199215977129 243.065214478634
16.8066031749948 27.0339590245453 245.315214478634
16.6732985963862 26.7189166189754 248.815214478634
16.5536100907429 26.3724906618896 253.065214478634
16.4512064342378 25.9951866363524 256.565214478634
16.3686896853558 25.6130402995832 259.065214478634
16.3091147355593 25.301026999407 259.315214478634
16.2468192590544 24.9895454626553 258.065214478634
16.1811853937024 24.7037703477843 256.065214478634
16.1068549934661 24.4201328817095 254.565214478634
16.0300522510873 24.1371548625566 255.065214478634
15.9594409186365 23.8525687415139 257.065214478634
15.8957869448583 23.541361984273 259.815214478634
15.8557812690975 23.2755752028418 263.065214478634
15.8236267708952 22.9595569084735 265.315214478634
15.8011379987026 22.6427040573652 266.565214478634
15.780031967574 22.3257560969992 265.815214478634
15.7548090554016 22.0336276573325 264.315214478634
15.7185207602867 21.7180573263953 262.565214478634
15.6753569703136 21.4033537176373 261.815214478634
15.6374156011945 21.1126035274912 263.315214478634
15.6109182823929 20.8205879240435 266.315214478634
15.6010187585808 20.5275397710227 269.815214478634
15.6103880112038 20.210028052758 273.565214478634
15.6391234149673 19.8936805370404 276.815214478634
15.6826803525509 19.5543803437401 277.815214478634
15.7238133475424 19.23940486715 277.065214478634
15.7580654001845 18.9236070346369 275.315214478634
15.7801279523942 18.6312229305023 273.315214478634
15.7970843381492 18.3384983132548 273.315214478634
15.8191468903589 18.0461142091202 275.315214478634
15.8575296744544 17.7307917772901 278.565214478634
15.9100338267837 17.4423155485488 282.065214478634
15.986558649155 17.1340211670055 285.815214478634
16.0869467722958 16.8069981514278 288.315214478634
16.1958609595083 16.4827150531801 288.815214478634
16.2867868213303 16.2039540296985 287.315214478634
16.3617301641288 15.9458328127348 285.065214478634
16.4329891491059 15.6614081696031 283.065214478634
16.5117740050201 15.3285196380135 283.565214478634
16.5936676511393 15.0216077535003 286.315214478634
16.6928292755657 14.7198322634895 290.065214478634
16.8312571975719 14.3804593232969 294.315214478634
16.9930213757095 14.0515693222366 298.065214478634
17.1592076856069 13.7525644085848 300.065214478634
17.3305870398042 13.4565053858542 300.065214478634
17.4730324482877 13.2002154598669 298.065214478634
17.5937597134977 12.9600738459981 295.315214478634
17.7144929842071 12.6928684981766 293.315214478634
17.8526226969109 12.3799116154377 294.315214478634
17.9915732744463 12.0942646110202 297.565214478634
18.1477030135874 11.8176331256721 301.315214478634
18.3355911446054 11.5317662367048 305.315214478635
18.541773581794 11.2587998824041 308.815214478634
18.7782983650057 10.9788136165756 311.565214478634
19.005261903873 10.722865614024 311.565214478634
19.2134087402119 10.4829148510492 310.315214478634
19.3981943614695 10.2552539305181 307.815214478634
19.5597265539393 10.0404274468795 306.065214478634
19.7484054231651 9.7848853594696 306.815214478634
19.9291896697626 9.55403415903353 309.315214478634
20.1218079761579 9.33296084856385 312.815214478634
20.3452026849023 9.10713729302738 316.565214478634
20.6194557280302 8.86398805806867 320.315214478634
20.9080411396326 8.63803509319269 323.565214478634
21.1656437615151 8.45217933371932 324.815214478634
21.4443660126162 8.25384694925734 324.315214478634
21.6595596535798 8.09280420907493 322.065214478634
21.8876406325837 7.90853731683116 320.065214478634
22.1116475734212 7.71933871478226 319.565214478634
22.3372970330777 7.53210212135747 321.065214478634
22.5701233993398 7.35386883677289 324.065214478634
22.8126798458416 7.18912178574921 327.565214478634
23.0862079088981 7.02761676152169 331.315214478634
23.3684522187463 6.88187855895125 334.065214478634
23.6550155152865 6.74482765159862 334.815214478634
23.9626495435956 6.59521771672957 333.315214478634
24.2216998132035 6.4578562287619 330.815214478634
24.4745119004028 6.30932586443685 328.315214478634
24.722670177235 6.1531442707702 327.315214478634
25.0129804575674 5.97219740255031 328.815214478634
25.3109072183779 5.80408591222837 332.315214478634
25.6408640335712 5.64450902720619 336.065214478634
25.9811486113366 5.50833748737135 340.315214478634
26.3061477177592 5.40157883990068 343.315214478634
26.6346746665727 5.30622753215643 344.315214478635
26.9395415135136 5.21702170405936 343.065214478634
27.2185087995105 5.12673065298505 341.065214478634
27.494155033935 5.02675878690171 339.065214478634
27.7895804647078 4.91003137374237 337.815214478634
28.1080044201771 4.78501932404897 339.315214478634
28.4077847853839 4.67998025147758 342.065214478634
28.7599999901295 4.57858630850295 345.815214478634
29.0700484340522 4.50951072271986 349.065214478634
29.4067426035348 4.44902217651771 350.565214478634
29.7439518081809 4.39147410715612 350.065214478634
30.0318434254407 4.33585363186062 348.065214478635
30.3176185403118 4.27021976650862 346.065214478634
30.6254129091102 4.19170797971128 345.315214478634
30.9332072779087 4.11319619291394 346.065214478634
31.2432557218314 4.04412060713085 348.815214478634
31.5325046601309 3.99605531556636 352.315214478634
31.8240133462106 3.96446565743741 355.315214478634
32.1409613065766 3.94335962630883 357.065214478634
32.4581583826534 3.92640412400348 356.815214478634
32.7505919526876 3.90500721586933 354.815214478634
33.0418138707367 3.87087489968061 351.815214478634
33.3312697793277 3.82407214824114 349.815214478634
33.6440361605667 3.7685864302873 350.065214478634
33.933693528626 3.72304711002978 352.065214478634
34.2007145778806 3.69234162954794 354.815214478634
34.517751613272 3.6726187413118 358.065214478634
34.8109459857419 3.66911438508601 0.565214478634368
35.128527375249 3.67571250367601 1.81521447863434
35.4216654418976 3.68244261824456 0.815214478634404
35.6904422180487 3.68098938790545 358.565214478635
35.958899789248 3.66781366240588 355.815214478634
36.2268297823088 3.64644578710107 355.065214478634
36.543682633417 3.62395701490844 356.815214478634
36.8367307864378 3.61405749109633 359.315214478634
37.154337942431 3.61926984105149 2.56521447863424
37.471237035536 3.64109732188069 5.31521447863443
37.7873217451886 3.6725922493138 6.06521447863433
38.0791549777841 3.70102787685115 5.06521447863439
38.3473003642576 3.71949728370664 2.81521447863448
38.6403685385232 3.72878522175758 0.8152144786342
38.909129741036 3.73202301429079 0.565214478634368
39.226679317765 3.74000677589695 2.31521447863441
39.5434801541693 3.76321677769954 6.06521447863433
39.8823873267959 3.80973297194986 9.56521447863442
40.1947784058162 3.8672941383617 11.3152144786343
40.5302137025258 3.93441335845983 11.3152144786343
40.8184580933259 3.98817572199477 9.81521447863425
41.1082098669499 4.0331104551346 7.81521447863438
41.3750211554215 4.06558819552311 6.06521447863433
41.6911058650741 4.09708312295622 5.31521447863443
42.0556569558178 4.13501443407832 6.5652144786344
42.3704499580895 4.17752137293483 8.81521447863431
42.6830892205437 4.2337189325103 11.5652144786343
42.9932811436218 4.30214732564698 13.3152144786343
43.2786141706985 4.36967720214483 13.3152144786343
43.5408291211867 4.42872283718352 12.0652144786344
43.8285933773498 4.48499852852092 10.0652144786345
44.0937340614565 4.52908350224234 8.81521447863431
44.3832870127142 4.57528208424003 9.31521447863439
44.6478279270985 4.62283386541927 11.0652144786342
44.9580198501766 4.69126225855595 13.8152144786344
45.2411575332894 4.76747428491719 16.3152144786344
45.4986149260468 4.84466727806559 17.0652144786343
45.779293149176 4.92949036231532 16.5652144786344
46.0614089905939 5.00940201717033 15.0652144786344
46.3458336337256 5.08066100214742 13.0652144786343
46.6317450980595 5.14569833852486 12.5652144786342
46.8934348003756 5.20702995336032 13.8152144786344
47.2237620973406 5.29594398411511 16.3152144786344
47.5029172048753 5.38565265982641 19.3152144786344
47.7778935811275 5.48745252752682 21.3152144786343
48.0510514244793 5.5940358900933 21.3152144786343
48.2798260697855 5.67986814477215 19.8152144786344
48.5807247316747 5.78165944795386 17.5652144786343
48.8617703923005 5.86525703885197 15.5652144786343
49.1675840282205 5.9511610213882 15.8152144786343
49.4482622513497 6.03598410563793 17.8152144786344
49.7249734000342 6.1329694692464 20.8152144786344
49.9962295039605 6.24430386035423 23.8152144786344
50.2629055115786 6.36620188134502 25.3152144786342
50.5509340325277 6.50014606841573 24.5652144786345
50.8196968379044 6.61737138567547 22.5652144786342
51.0928546812562 6.72395474824195 20.0652144786343
51.3695658299408 6.82094011185042 18.5652144786343
51.647112788531 6.91550705289163 19.0652144786343
51.9220891647832 7.01730692059204 21.5652144786343
52.2140738029171 7.14239267207473 24.8152144786343
52.4769028460773 7.27237772749292 27.8152144786344
52.7562170387747 7.42365580220285 29.0652144786343
53.0355312314722 7.57493387691279 27.8152144786344
53.3193349569535 7.71761155397909 25.5652144786342
53.5645140585638 7.82774908350564 22.8152144786343
53.8809795131444 7.95763920646477 21.8152144786345
54.1745764581446 8.07889228072145 23.0652144786343
54.5294319118618 8.24297288140084 26.5652144786342
54.8305865206234 8.40523110032038 30.0652144786343
55.0817490486488 8.55653412433666 32.0652144786344
55.3505711487492 8.72575632331712 32.3152144786344
55.5997316636784 8.88033400075081 31.3152144786342
55.8528531693939 9.02833644635544 29.3152144786344
56.1109856911895 9.16741491971505 27.3152144786345
56.3511273050584 9.28814218492499 26.0652144786343
56.6139563482186 9.41812724034319 26.5652144786344
56.9178968860589 9.5751048739175 28.0652144786344
57.1525438889757 9.70619206359982 30.3152144786343
57.4037064170011 9.85749508761612 31.8152144786343
57.6528669319304 10.0120727650498 31.8152144786343
57.883401285461 10.1502645850639 30.0652144786343
58.0758513480778 10.2566790341023 27.8152144786344
58.3369564222305 10.3900932792648 26.3152144786344
58.5770980360994 10.5108205444748 27.0652144786345
58.8139970880541 10.637792614079 29.3152144786344
59.0658174070828 10.787998298009 32.3152144786344
59.3108461690548 10.949045267453 34.3152144786343
59.5530269547932 11.1143440502062 34.3152144786343
59.797350686531 11.2764586228712 32.8152144786345
60.026056414589 11.4176562051098 30.5652144786343
60.2810935269276 11.5623327128457 28.5652144786343
60.5392260487232 11.7014111862053 28.0652144786344
60.7744427919214 11.8314732905856 29.8152144786344
61.0461772837087 11.9959781236552 32.5652144786344
61.2890770137741 12.1602186232121 35.5652144786342
61.5253414251978 12.3338686979464 37.0652144786344
61.7600814768552 12.5095739303913 36.5652144786344
61.9978522555955 12.6811556232895 35.0652144786344
62.240751985661 12.8453961228464 33.0652144786343
62.4675899006974 12.9895752738308 31.8152144786345
62.6950547546285 13.1327632883527 32.5652144786342
62.9393784863662 13.2948778610177 34.5652144786345
63.1771492651065 13.466459553916 37.0652144786344
63.3884008196513 13.6326397211412 39.3152144786344
63.5952298939174 13.8042928635968 40.0652144786345
63.8212696075346 13.9910581398888 39.0652144786343
64.0521208079707 14.1718423864862 37.0652144786344
64.2690432779745 14.3305487483124 35.3152144786342
64.5097723565151 14.4979546362182 34.3152144786345
64.7701659130405 14.6798795378953 35.5652144786342
65.0431322673412 14.8860619750839 38.5652144786344
65.2866791478391 15.0899893914111 41.3152144786344
65.5043571348023 15.2864366223721 42.8152144786342
65.7185734914356 15.4866529381693 43.3152144786343
65.9345288861536 15.6849922637021 41.8152144786345
66.1753855739937 15.8920901392412 39.5652144786344
66.4233231500719 16.0906560791671 37.8152144786343
66.693567273966 16.3003938713885 37.8152144786343
66.9415048500442 16.4989598113144 39.5652144786344
67.2162647257698 16.7415361762331 43.3152144786343
67.441111391422 16.9659140964375 46.5652144786344
67.6730325592542 17.2173786066503 48.0652144786344
67.8699336361198 17.4346461525235 47.5652144786343
68.0888297232167 17.6648329835626 45.3152144786344
68.2995191971426 17.8687573963666 42.8152144786344
68.5358007512676 18.0810602491745 41.0652144786344
68.7748410210606 18.2902520834976 41.3152144786344
69.0083233738898 18.5056295777896 44.0652144786344
69.2478157238312 18.7498942750032 47.0652144786344
69.4585450607954 18.9875802457141 49.8152144786344
69.6306294624766 19.1940506454682 50.5652144786343
69.8350646943913 19.437171418094 49.3152144786343
70.0142499799399 19.6375103826502 47.0652144786344
70.201162390965 19.8306601118278 44.8152144786343
70.3930668222515 20.0188508568958 44.0652144786344
70.6010689578083 20.2255156390054 45.5652144786344
70.8179479764606 20.4576039097098 48.3152144786344
71.0071465785095 20.6816108505472 51.3152144786344
71.1863940598873 20.9136573135246 53.3152144786343
71.3615644718213 21.1487967345996 53.3152144786343
71.5244789749365 21.3625768364597 52.0652144786343
71.7087458671803 21.5906578154637 50.0652144786342
71.8844074649074 21.7940934818563 48.3152144786344
72.0477001290816 21.975863996806 47.8152144786343
72.241740392648 22.1956902843052 49.3152144786343
72.427990625333 22.422154567108 51.8152144786345
72.5890333655154 22.6373482080716 54.5652144786345
72.7558908209169 22.8784577477782 56.0652144786343
72.8931800301033 23.0805881198631 55.5652144786344
73.0621351830415 23.3202323913494 54.0652144786344
73.2231779232239 23.535426032313 52.3152144786344
73.3733931445217 23.7281444838651 51.8152144786343
73.5516264291063 23.9609708501272 53.3152144786343
73.7069808711481 24.1803063570897 56.0652144786345
73.8767637083193 24.4487747208353 59.3152144786343
74.009361688036 24.6825713056086 61.5652144786345
74.1478521848679 24.9410197585888 62.0652144786343
74.276349656249 25.1770948888446 60.8152144786343
74.4109828212374 25.4097254503833 59.0652144786343
74.5660801368544 25.6585628335253 57.0652144786342
74.7127037346588 25.8838284275327 56.8152144786344
74.8688853283254 26.131986704365 58.8152144786345
75.0255920316271 26.4082917590971 62.0652144786343
75.1561253037268 26.6708489632175 65.0652144786343
75.2856278945559 26.9609016361903 66.8152144786342
75.4010661263545 27.2304368568941 66.8152144786342
75.5305687171836 27.5204895298669 65.0652144786343
75.6486464348907 27.7619449498883 62.8152144786344
75.7860079228584 28.0209952194962 61.3152144786342
75.9366497712047 28.3006530598242 62.0652144786343
76.0671830433045 28.5632102639447 65.0652144786343
76.1916037931249 28.8554788923403 68.8152144786342
76.3143108398087 29.2008471925939 72.0652144786343
76.4168062341429 29.5272158830738 73.0652144786342
76.5113191358824 29.8304794409487 72.3152144786343
76.6064650856502 30.1078284427557 69.8152144786344
76.7136182711017 30.3807632617294 67.3152144786342
76.8393130949461 30.6724862217255 66.0652144786343
76.9739910320444 30.9869439792132 67.5652144786345
77.0868414454728 31.283872014803 70.8152144786343
77.189336839807 31.6102407052828 74.3152144786344
77.2665048772015 31.918374715309 77.5652144786345
77.3357863213598 32.2533701025618 79.0652144786343
77.3939169752157 32.5407653837389 78.0652144786343
77.4656955795642 32.8501992314155 75.8152144786344
77.5449648152593 33.1324962537747 72.8152144786344
77.6376868462512 33.4106649894899 70.3152144786345
77.7466409236112 33.7090447528063 69.5652144786344
77.8604639835578 34.0316375906215 71.5652144786344
77.9458726324098 34.3121381846706 74.5652144786344
78.0152415554273 34.597029695741 78.0652144786343
78.0761773486428 34.908780081844 79.8152144786344
78.136665894845 35.2454742513266 79.8152144786344
78.1922863701405 35.5333658685865 78.3152144786344
78.2579202354925 35.8191409834575 75.8152144786344
78.3417918169878 36.1255182540695 73.5652144786345
78.4259757419646 36.4063888423056 73.0652144786344
78.5138504925426 36.7116420197518 74.8152144786343
78.5896733113662 37.0201098045783 77.5652144786343
78.6530977279719 37.356263298333 81.0652144786344
78.6935748942555 37.6466713208983 83.0652144786344
78.7277072104442 37.9378932389474 83.5652144786345
78.7643795853847 38.2288062112893 82.0652144786343
78.8099189056422 38.5184635793487 80.0652144786344
78.8642826913043 38.8065951454241 78.5652144786344
78.9211587972995 39.094241332827 79.0652144786343
78.9704857138952 39.3832777939522 81.5652144786344
79.0058883964678 39.6743480099264 84.5652144786344
79.0260091228075 39.9668721575316 87.5652144786345
79.0346298926563 40.2599607156293 89.0652144786343
79.0405050478172 40.5775563023147 88.8152144786342
79.0504045716293 40.8706044553354 87.3152144786344
79.0670931693676 41.1388665622051 85.5652144786342
79.0923160815399 41.4309950018719 84.5652144786344
79.1188134003415 41.7230106053196 85.0652144786345
79.1355019980798 41.9912727121892 87.8152144786345
79.1386054203714 42.3089074755578 91.0652144786344
79.1232949197969 42.6506492151177 94.0652144786344
79.0973212280152 42.9672354458123 95.3152144786346
79.0714333762833 43.2593057108057 94.8152144786345
79.0506467963695 43.5517832973932 93.3152144786343
79.0375235101628 43.8447047884446 91.8152144786345
79.0295956810202 44.1133685500532 91.5652144786344
79.0160711311025 44.4307304265911 93.3152144786343
78.9887163229319 44.7472003123624 96.5652144786343
78.9392444144032 45.0856886552219 100.065214478634
78.8706622252871 45.4208278969131 103.065214478634
78.7904256237273 45.7533694969504 104.065214478634
78.7087388041111 46.0855578343228 103.565214478634
78.6496931690724 46.347772784811 101.815214478634
78.5998346728392 46.6118886639814 99.5652144786343
78.5536360908415 46.901441615239 98.5652144786344
78.5061745395404 47.1907902314595 100.065214478634
78.4375923504243 47.5259294731506 103.065214478634
78.355698704305 47.8328413576638 106.815214478634
78.2552212840283 48.1341813021529 110.065214478634
78.1322657289101 48.4534049846247 112.065214478634
78.0135793557618 48.7480488696097 111.815214478634
77.9081888799462 49.0216691688712 110.315214478634
77.8112035163377 49.2983803175558 108.315214478634
77.7146791222082 49.6010096543162 107.065214478634
77.6261893405314 49.8805535311932 108.065214478634
77.5279975238295 50.1568388686495 111.065214478634
77.4041869823556 50.4493665151209 114.815214478634
77.2602723400475 50.7325449921623 119.065214478634
77.0850323754625 51.0263353643625 122.565214478634
76.9099861235744 51.2914019292666 124.315214478634
76.7303404826547 51.5533731449158 124.565214478634
76.5257027525187 51.8574449810511 123.315214478634
76.368956652851 52.105247081122 121.315214478634
76.20682938431 52.3784067833579 120.065214478634
76.0577239001659 52.630880099094 121.065214478634
75.9135447491816 52.8577180141304 123.815214478634
75.7430021570639 53.0962351934579 127.315214478634
75.5422801418616 53.3424305361094 131.065214478634
75.2925945267407 53.6107463495227 134.815214478634
75.0292085324076 53.8656269100115 137.065214478634
74.7777440221947 54.0975480778438 137.565214478634
74.5456557514903 54.3144270964961 136.315214478634
74.3193242425001 54.5373071587905 134.565214478634
74.0814124275622 54.7831115450373 133.565214478634
73.8599968822775 55.0108759637608 134.815214478634
73.8599968822775 55.0108759637608 37.8152144786343
73.9181992515391 55.0554397999665 37.0652144786342
73.9967007426636 55.1136662387701 36.0652144786343
74.0562368791075 55.1564318761717 35.3152144786342
74.1359898920714 55.2129319576557 35.3152144786344
74.2352167861446 55.2842080199918 36.0652144786343
74.4126988070567 55.4140586796677 36.3152144786343
74.589612559879 55.5446825122086 36.5652144786344
74.7858662876902 55.6902486092176 36.5652144786344
74.9627800405124 55.8208724417585 36.3152144786343
75.1596670500322 55.9655808373704 36.3152144786343
75.3371490709443 56.0954314970463 36.0652144786343
75.4951623051711 56.2105098483868 36.0652144786345
75.6332038769917 56.3115048059125 36.3152144786343
75.7907134846075 56.427271522402 36.3152144786343
75.9681955055196 56.5571221820779 36.0652144786345
76.1456775264318 56.6869728417538 36.3152144786343
76.3031871340476 56.8027395582434 36.3152144786343
76.4606967416634 56.9185062747329 36.3152144786343
76.6381787625756 57.0483569344088 36.0652144786345
76.8162256725758 57.1774319490503 35.8152144786343
76.994272582576 57.3065069636918 36.0652144786343
77.1522858168028 57.4215853150322 36.0652144786343
77.290766746803 57.5219769930867 35.8152144786345
77.4292476768032 57.6223686711412 36.0652144786343
77.6067296977154 57.7522193308171 36.3152144786343
77.7842117186275 57.882069990493 36.0652144786345
77.9622586286278 58.0111450051346 35.8152144786343
78.1798715186281 58.168903356363 36.0652144786343
78.3179130904486 58.2698983138887 36.3152144786343
78.4754226980644 58.3856650303783 36.3152144786343
78.6529047189766 58.5155156900542 36.0652144786343
78.8309516289769 58.6445907046957 35.8152144786343
78.9894654814704 58.7589784999612 35.8152144786343
79.1474787156971 58.8740568513016 36.3152144786345
79.3049883233129 58.9898235677912 36.3152144786343
79.4624979309287 59.1055902842807 36.3152144786343
79.6205111651555 59.2206686356211 35.8152144786345
79.7985580751557 59.3497436502626 36.0652144786343
79.9565713093825 59.4648220016031 36.0652144786343
80.1145845436093 59.5799003529436 36.0652144786343
80.2920665645214 59.7097510126195 36.3152144786345
80.4495761721372 59.825517729109 36.3152144786343
80.6270581930494 59.9553683887849 36.0652144786343
80.7850714272762 60.0704467401254 36.0652144786343
80.9430846615029 60.1855250914659 36.0652144786343
81.1010978957297 60.3006034428063 36.0652144786343
81.2591111299565 60.4156817941468 36.0652144786343
81.4365931508686 60.5455324538227 36.3152144786343
81.5746347226892 60.6465274113484 36.0652144786343
81.732647956916 60.7616057626889 36.0652144786343
81.9101299778281 60.8914564223648 36.3152144786343
82.0676395854439 61.0072231388543 36.3152144786343
82.2251491930597 61.1229898553438 36.3152144786343
82.3826588006755 61.2387565718334 36.3152144786343
82.5601408215877 61.3686072315093 36.0652144786345
82.7381877315879 61.4976822461508 35.8152144786343
82.8967015840815 61.6120700414162 35.8152144786343
83.0351825140817 61.7124617194708 36.0652144786345
83.1931957483084 61.8275400708112 36.0652144786343
83.3706777692206 61.9573907304871 36.3152144786343
83.5481597901328 62.087241390163 36.0652144786343
83.7061730243595 62.2023197415035 36.0652144786345
83.8446539543597 62.302711419558 35.8152144786343
84.0031678068533 62.4170992148235 35.8152144786343
84.1812147168535 62.546174229465 36.0652144786343
84.3392279510803 62.6612525808055 36.0652144786343
84.497241185307 62.7763309321459 36.0652144786343
84.6752880953073 62.9054059467874 35.8152144786343
84.8333013295341 63.0204842981279 36.3152144786343
84.9908109371498 63.1362510146174 36.3152144786343
85.1488241713766 63.2513293659579 35.8152144786343
85.3865949501169 63.4229110588561 35.8152144786343
85.5446081843437 63.5379894101966 36.3152144786343
85.6826497561643 63.6389843677223 36.0652144786343
85.8606966661645 63.7680593823638 35.8152144786343
86.0387435761647 63.8971343970053 36.0652144786343
86.1967568103915 64.0122127483458 36.0652144786345
86.3547700446183 64.1272910996862 36.0652144786343
86.5522865874017 64.2711390388618 36.0652144786343
86.7102998216285 64.3862173902023 36.0652144786343
86.8683130558553 64.5012957415428 36.0652144786345
87.026326290082 64.6163740928832 36.0652144786343
87.1843395243088 64.7314524442237 36.0652144786343
87.3423527585356 64.8465307955642 36.0652144786345
87.539869301319 64.9903787347398 36.0652144786343
87.6978825355458 65.1054570860802 36.0652144786343
87.8359241073664 65.2064520436059 36.3152144786343
87.9934337149822 65.3222187600954 36.3152144786343
88.1709157358943 65.4520694197714 36.0652144786343
88.3289289701211 65.5671477711118 36.0652144786343
88.5069758801213 65.6962227857533 35.8152144786345
88.6850227901216 65.8252978003948 36.0652144786345
88.8230643619421 65.9262927579205 36.3152144786343
88.9611059337627 66.0272877154462 36.0652144786343
89.1191191679895 66.1423660667867 36.0652144786343
89.316635710773 66.2862140059623 36.0652144786343
89.4746489449997 66.4012923573027 36.0652144786343
89.6326621792265 66.5163707086432 36.0652144786345
89.7906754134533 66.6314490599837 36.0652144786343
89.94868864768 66.7465274113241 36.0652144786343
90.1067018819068 66.8616057626646 36.0652144786343
90.284183902819 66.9914564223405 36.3152144786343
90.4416935104347 67.10722313883 36.3152144786343
90.5797350822553 67.2082180963557 36.0652144786343
90.7377483164821 67.3232964476962 36.0652144786345
90.9352648592656 67.4671443868718 36.0652144786343
91.0932780934923 67.5822227382123 36.0652144786343
91.2317590234925 67.6826144162668 35.8152144786345
91.3902728759861 67.7970022115323 35.8152144786343
91.5482861102128 67.9120805628727 36.3152144786343
91.7057957178286 68.0278472793623 36.3152144786343
91.8633053254444 68.1436139958518 36.3152144786343
92.0407873463566 68.2734646555277 36.0652144786343
92.2188342563568 68.4025396701692 35.8152144786343
92.3968811663571 68.5316146848107 36.0652144786343
92.5349227381776 68.6326096423364 36.3152144786343
92.6924323457934 68.7483763588259 36.3152144786343
92.8504455800202 68.8634547101664 35.8152144786343
93.0284924900204 68.9925297248079 36.0652144786345
93.1865057242472 69.1076080761483 36.0652144786343
93.3639877451594 69.2374587358243 36.3152144786343
93.5214973527751 69.3532254523138 36.3152144786343
93.7384198227789 69.5119318141399 36.0652144786343
93.8964330570057 69.6270101654804 36.0652144786343
94.0544462912325 69.7420885168208 36.0652144786343
94.2124595254592 69.8571668681613 36.0652144786343
94.3899415463714 69.9870175278372 36.3152144786345
94.527983118192 70.0880124853629 36.0652144786343