0.0 0.0 37.8152144786343
0.0192704217317203 0.0150233481309457 38.0652144786343
0.0192704217317203 0.0150233481309457 38.5652144786343
0.0574812200957623 0.0454886638114097 38.5652144786343
0.172113615187888 0.136884610852802 38.5652144786343
0.420915235688302 0.334366832246317 38.3152144786343
0.651766436124378 0.51515107884381 37.8152144786343
0.844797953191666 0.664963787573398 37.8152144786343
1.0188200614419 0.799415888358325 37.5652144786343
1.15417059008098 0.903989744524379 37.8152144786343
1.32760438566646 1.03919987770289 38.0652144786343
1.50103818125194 1.1744100108814 37.8152144786343
1.65546339490577 1.29426017786507 37.8152144786343
1.8098886085596 1.41411034484874 37.8152144786343
1.96431382221344 1.53396051183241 37.8152144786343
2.11873903586727 1.65381067881608 37.8152144786343
2.31177055293455 1.80362338754567 37.8152144786343
2.46619576658838 1.92347355452934 37.8152144786343
2.63962956217387 2.05868368770785 38.0652144786343
2.79353036246458 2.17920651877285 38.0652144786343
2.96696415805007 2.31441665195136 37.8152144786343
3.1213893717039 2.43426681893503 37.8152144786343
3.27581458535773 2.5541169859187 37.8152144786343
3.43023979901156 2.67396715290237 37.8152144786343
3.5651327511336 2.77913058981899 38.0652144786343
3.757508751497 2.92978412865023 38.0652144786343
3.91140955178771 3.05030695971523 38.0652144786343
4.0848433473732 3.18551709289374 37.8152144786343
4.23926856102703 3.30536725987741 37.8152144786343
4.39369377468086 3.42521742686108 37.8152144786343
4.54811898833469 3.54506759384475 37.8152144786343
4.68301194045673 3.65023103076137 38.0652144786343
4.85644573604221 3.78544116393988 37.8152144786343
5.01087094969604 3.90529133092355 37.8152144786343
5.20390246676333 4.05510403965314 37.8152144786343
5.35832768041716 4.17495420663681 37.8152144786343
5.51275289407099 4.29480437362048 37.8152144786343
5.66717810772482 4.41465454060415 37.8152144786343
5.82160332137865 4.53450470758782 37.8152144786343
5.97602853503248 4.65435487457149 37.8152144786343
6.16906005209977 4.80416758330108 37.8152144786343
6.3234852657536 4.92401775028475 37.8152144786343
6.45837821787564 5.02918118720137 38.0652144786344
6.61227901816636 5.14970401826636 38.0652144786344
6.78571281375184 5.28491415144487 37.8152144786343
6.95973492200208 5.4193662522298 37.5652144786343
7.17242860986348 5.5836965976336 37.8152144786343
7.30732156198552 5.68886003455022 38.0652144786344
7.46122236227624 5.80938286561522 38.0652144786343
7.63465615786172 5.94459299879373 37.8152144786343
7.80867826611196 6.07904509957865 37.5652144786344
7.9827003743622 6.21349720036358 37.8152144786343
8.13712558801603 6.33334736734725 37.8152144786343
8.27201854013807 6.43851080426387 38.0652144786344
8.44545233572356 6.57372093744239 37.8152144786343
8.59987754937739 6.69357110442605 37.8152144786343
8.77389965762762 6.82802320521098 37.5652144786343
8.9092501862667 6.93259706137704 37.8152144786343
9.08268398185218 7.06780719455555 38.0652144786344
9.21757693397422 7.17297063147217 37.8152144786343
9.41060845104151 7.32278334020176 37.8152144786343
9.58463055929175 7.45723544098668 37.5652144786344
9.73957724627522 7.57641066211461 37.5652144786344
9.8749277749143 7.68098451828066 37.8152144786343
10.0293529885681 7.80083468526433 37.8152144786343
10.2027867841536 7.93604481844285 38.0652144786343
10.3572119978074 8.05589498542652 37.5652144786344
10.5121586847909 8.17507020655444 37.5652144786344
10.6861807930412 8.30952230733937 37.8152144786343
10.840606006695 8.42937247432304 37.8152144786343
10.9950312203488 8.54922264130671 37.8152144786343
11.1494564340026 8.66907280829038 37.8152144786343
11.3038816476565 8.78892297527405 37.8152144786343
11.4583068613103 8.90877314225772 37.8152144786343
11.6317406568958 9.04398327543623 38.0652144786343
11.8051744524813 9.17919340861474 37.8152144786343
11.9595996661351 9.29904357559841 37.8152144786343
12.0944926182571 9.40420701251503 38.0652144786343
12.2679264138426 9.53941714569355 37.8152144786343
12.4223516274965 9.65926731267722 37.8152144786343
12.5963737357467 9.79371941346214 37.5652144786344
12.8864105828304 10.0178062481037 37.8152144786343
12.9248857829031 10.0479369558699 38.3152144786344
13.0947207583915 10.1876407234146 40.5652144786344
13.3115395131904 10.3850358807212 44.0652144786344
13.5664200736792 10.6484218750543 47.8152144786343
13.8186848764111 10.9470977961709 51.8152144786344
14.0631945558672 11.2828990884797 56.0652144786343
14.283684308003 11.6349385187529 59.8152144786344
14.50027797705 12.045574956582 64.5652144786344
14.6467777903041 12.3815423461341 68.3152144786344
14.7709906176165 12.7263719499343 72.0652144786344
14.8663419253607 13.0548988987478 75.5652144786343
14.9443687854339 13.3879659146656 78.0652144786344
15.0039437352304 13.6999792148419 80.3152144786344
15.0498521538719 14.0142941703054 83.0652144786344
15.0776233748318 14.3061913779779 86.0652144786344
15.0904254430759 14.6235832196796 89.3152144786344
15.0840659448787 14.9656086350626 92.8152144786344
15.0540963005152 15.3309004397102 96.5652144786344
15.0031479335942 15.6691696991668 100.565214478634
14.9226311585415 16.0267355407416 104.815214478634
14.807901874952 16.4004761299732 109.315214478634
14.6739280669367 16.7416319607776 113.565214478634
14.5179284482386 17.0732950444815 116.815214478634
14.3636091397844 17.3785938800893 116.815214478634
14.224658562249 17.6642408845069 115.065214478634
14.0970295593388 17.9551228395098 112.315214478634
13.9847990528103 18.2522857368144 109.065214478634
13.8882746586808 18.5549150735749 106.315214478634
13.7950443946833 18.8840502218958 105.315214478634
13.7003788997221 19.2127754446108 106.815214478634
13.6012172752957 19.5145509346216 109.565214478634
13.4796557622834 19.8343080714292 112.065214478634
13.3695060052756 20.1060473795753 112.065214478634
13.26411552946 20.3796676788369 110.065214478634
13.1768743195063 20.6338959985859 107.815214478634
13.1008054274118 20.8916877574382 105.065214478634
13.0360536546361 21.1525522341287 102.815214478634
12.9676252614994 21.4627441572068 102.065214478634
12.8991968683627 21.7729360802849 102.815214478634
12.8304226384544 22.0579717374597 104.315214478634
12.7471906204283 22.3645233730865 106.065214478634
12.6722472776298 22.6226445900502 106.315214478634
12.5995592924068 22.8814099742901 105.065214478634
12.5283003074297 23.1658346174219 103.065214478634
12.4828026165923 23.3809881014601 100.815214478634
12.4328178615108 23.6699115252597 98.8152144786343
12.3904133684862 23.9600443905678 97.8152144786344
12.350542344843 24.2505362528192 97.8152144786344
12.3110914284587 24.5164059435946 99.0652144786343
12.2670064547373 24.7815466277014 99.8152144786344
12.2086909071422 25.1186239554675 99.8152144786344
12.1691396143912 25.3597478023179 98.8152144786343
12.134857822775 25.6016770751267 97.3152144786343
12.1047096572196 25.8687616223963 95.5652144786343
12.0800964448204 26.1609420637951 94.0652144786343
12.060586232949 26.453507564484 93.5652144786343
12.0444575095857 26.7218039147374 93.3152144786344
12.026224037203 27.0144517595022 93.8152144786343
12.0054374572891 27.3069293460897 94.3152144786343
11.9846287734583 27.574903348474 94.5652144786343
11.9649895411638 27.8429655946623 93.8152144786343
11.9480331554088 28.1356902119098 92.8152144786343
11.9377611242809 28.4042745611432 91.5652144786343
11.933589345719 28.6974601965762 90.0652144786344
11.935443533335 28.9417992566269 89.0652144786344
11.941506327225 29.2349518842646 88.5652144786343
11.9465586554666 29.4792457406293 89.0652144786344
11.9487836806058 29.7724526126901 90.0652144786343
11.9467186071443 30.0412253842802 90.8152144786343
11.9423081571822 30.3099699008899 91.0652144786343
11.9388316750474 30.5542912637507 90.5652144786343
11.9391121353498 30.823071822234 89.3152144786344
11.9451749292398 31.1162244498717 88.3152144786343
11.9548355249079 31.3848314865776 87.5652144786343
11.970406836862 31.7020995252676 86.8152144786343
11.9859247651951 31.9704318959888 86.5652144786344
12.003492003041 32.2631204894035 86.5652144786343
12.0210592408869 32.5558090828182 86.5652144786343
12.0386264787328 32.8484976762328 86.5652144786344
12.0561937165787 33.1411862696475 86.5652144786344
12.0750378780544 33.4337954255858 86.0652144786343
12.0977105606167 33.7261328505351 85.0652144786343
12.1271060896103 34.0424197092652 84.3152144786343
12.1574235044719 34.3340634558409 83.8152144786343
12.1915558206606 34.62528537389 82.8152144786344
12.2333460505675 34.940174323862 82.0652144786343
12.2750899715588 35.2304029675567 81.5652144786343
12.3237395227649 35.5443053334248 80.8152144786343
12.3798156962568 35.8817624281076 80.3152144786343
12.4304032987702 36.1705809092209 79.8152144786343
12.4872531849952 36.4831022118009 79.5652144786343
12.5454661571515 36.7953724857671 79.3152144786343
12.605041106948 37.1073857859434 79.0652144786343
12.6659769001636 37.4191361720463 78.8152144786343
12.7186884572062 37.6826974723746 78.5652144786343
12.7768191110621 37.9700927535518 78.5652144786343
12.8306801657976 38.2334215481402 78.3152144786343
12.8900642607903 38.5205604514997 78.3152144786344
12.9507006663323 38.8074375103307 77.8152144786343
13.0125882279939 39.0940472629076 77.8152144786343
13.0757257675249 39.3803842525939 77.3152144786343
13.1341743401106 39.642732935913 77.5652144786343
13.1926229126963 39.9050816192322 77.3152144786343
13.2582567780483 40.1908567341033 76.8152144786343
13.3263819709483 40.4760482112777 76.3152144786343
13.3862589689033 40.7129443053656 75.3152144786343
13.4583577089623 40.9718744869948 73.5652144786343
13.5372097445635 41.2288286147261 72.3152144786343
13.6134659213283 41.4609708335994 71.3152144786343
13.7098211248499 41.7379020440378 70.3152144786343
13.8085893094992 42.0139818626803 70.3152144786343
13.9073574941484 42.2900616813229 70.3152144786343
13.9973426617166 42.5433317681755 70.5652144786343
14.0961108463659 42.819411586818 70.0652144786344
14.1814220931248 43.0483810290033 69.0652144786344
14.2790997826793 43.2987849751382 68.3152144786344
14.3811327468899 43.5474460728013 67.0652144786343
14.4977459453308 43.8164750350153 66.0652144786344
14.6073250606477 44.0619042198385 65.8152144786343
14.7286157011256 44.3288570267035 65.3152144786343
14.8403323904993 44.5733206202956 65.5652144786343
14.952049079873 44.8177842138878 65.3152144786343
15.0648313760521 45.0617580258947 65.0652144786343
15.1786771318241 45.3052374114067 64.8152144786343
15.304608268035 45.5700327465115 64.3152144786343
15.422685985742 45.8114881665329 63.5652144786343
15.5555055022969 46.0728962700468 62.5652144786343
15.6928669902645 46.3319465396547 61.5652144786343
15.8347286080051 46.5885600661349 60.5652144786343
15.9799370393966 46.8432946967085 60.0652144786343
16.1390489616556 47.1182217239815 59.8152144786343
16.2981608839146 47.3931487512545 60.0652144786343
16.4444794190051 47.6472473676411 60.0652144786343
16.5907979540957 47.9013459840276 60.0652144786343
16.7382238071914 48.1548037485558 59.5652144786343
16.9140765033215 48.4482277715141 58.5652144786343
17.0691738189386 48.6970651546561 57.5652144786343
17.2285903236306 48.94315781727 56.5652144786343
17.3912144241506 49.1871426989546 56.0652144786343
17.554901558106 49.4304156788313 56.0652144786343
17.717525658626 49.6744005605159 56.5652144786343
17.8790836295822 49.919092698888 56.5652144786343
18.0406416005385 50.1637848372601 56.5652144786343
18.2043287344939 50.4070578171367 55.5652144786343
18.3587246690193 50.6270690956627 54.3152144786343
18.532867427438 50.8629706010647 52.8152144786344
18.7121149088159 51.095017064042 51.8152144786343
18.8778137497249 51.3066463658837 52.0652144786344
19.0714496254403 51.5584530809771 52.8152144786343
19.2324923656227 51.7736467219407 53.5652144786343
19.3925946163826 51.9895409936993 53.3152144786343
19.5545747799658 52.2040299068911 52.5652144786343
19.7358403978453 52.4345033247409 51.0652144786343
19.9070222671947 52.6417226165133 49.8152144786343
20.0981684696617 52.8640699795358 48.8152144786343
20.2912477160233 53.0847408321308 48.8152144786343
20.4669093137504 53.2881764985234 49.5652144786343
20.6398929715244 53.4938940753605 50.3152144786343
20.8261432042093 53.7203583581634 50.8152144786343
20.9973250735588 53.9275776499358 50.0652144786343
21.1884712760257 54.1499250129583 48.5652144786344
21.3525555067471 54.3309813011859 47.0652144786343
21.5550765118487 54.5430201255867 45.5652144786343
21.7789420068601 54.7683769854189 44.8152144786343
21.9860404200239 54.975947377878 45.3152144786343
22.2079308062861 55.2032492270006 46.0652144786343
22.4095246925624 55.4161696947265 47.0652144786344
22.6092528447414 55.6308412712982 47.0652144786343
22.8108467310177 55.8437617390241 46.0652144786343
23.0170374789332 56.0522337899917 44.5652144786344
23.2113888100447 56.2378964609081 42.8152144786343
23.4282075648435 56.4352916182147 41.8152144786343
23.6289200361467 56.6140584248091 41.5652144786343
23.8828776876038 56.8432468609303 42.5652144786343
24.0962183993421 57.0443959630302 44.0652144786343
24.3051202972311 57.2501512001907 45.0652144786343
24.5131224327879 57.4568159823003 44.5652144786343
24.7074737638994 57.6424786532167 42.8152144786343
24.9455989895283 57.8527115028129 40.0652144786343
25.1539181256179 58.0225532079841 38.3152144786343
25.4052833930905 58.2167617980068 37.0652144786343
25.6384812086178 58.3945088075284 37.5652144786343
25.9068847581547 58.6065969085178 39.0652144786343
26.1504316386526 58.810524324845 40.8152144786343
26.3715049491223 59.0031426312403 41.3152144786344
26.5934166083781 59.1947944928199 40.3152144786343
26.8202690849243 59.38057171006 38.3152144786343
27.0336777722169 59.5439724428142 36.5652144786343
27.2721949515445 59.7145150349319 34.5652144786343
27.514375737283 59.8798138176851 34.0652144786343
27.7969199873112 60.0726623975639 34.5652144786343
28.0557160547353 60.2568527057127 36.3152144786344
28.2889138702627 60.4345997152344 38.3152144786343
28.5181786604469 60.6173916093171 38.8152144786343
28.7669802809473 60.8148738307107 38.0652144786343
29.0200307453556 61.0068814779357 36.3152144786343
29.2390120331761 61.1627348156 34.5652144786343
29.4826260831078 61.3259139050584 33.0652144786343
29.7297418925693 61.4837397498202 32.0652144786343
29.999299802469 61.651787383962 31.8152144786343
30.2681219025694 61.8210095829424 32.5652144786343
30.4930531370751 61.9681455983172 33.8152144786343
30.7153822359224 62.1191847954892 34.5652144786343
30.9363848202431 62.2721584043248 34.8152144786344
31.1587139190904 62.4231976014968 33.5652144786343
31.4051387332137 62.5821001865761 32.0652144786343
31.6350679185721 62.7212965837889 30.3152144786343
31.8679789404134 62.8554439772839 29.5652144786343
32.1432374207712 63.0139818059598 30.3152144786343
32.3737717743018 63.1521736259738 31.5652144786343
32.6215738743728 63.3089197256416 33.0652144786343
32.8263481470493 63.4422333090755 33.0652144786344
33.0119428048063 63.5601980689718 31.8152144786343
33.242477158337 63.6983898889859 30.0652144786343
33.4560520966597 63.8170943960554 28.0652144786343
33.6940501544972 63.9419943229659 27.3152144786343
33.9753205864868 64.0896033274964 28.0652144786343
34.2105373296851 64.2196654318767 29.8152144786344
34.4829870202213 64.3829830373479 32.0652144786343
34.7104518741524 64.5261710518698 32.3152144786344
34.9385393363752 64.6683652038359 31.5652144786343
35.1910126521113 64.81747068798 29.5652144786343
35.4485358742772 64.9576741494418 27.5652144786343
35.6881484317738 65.0794480775487 26.3152144786343
35.9737954361914 65.2183986550841 25.5652144786343
36.2377487908274 65.3460851740945 26.0652144786343
36.4994335070626 65.4783588670552 27.5652144786344
36.7794051139182 65.6284167674966 28.8152144786343
37.0356950399055 65.7708621759801 29.3152144786343
37.2919849658928 65.9133075844636 28.8152144786343
37.5501174876884 66.0523860578232 27.8152144786343
37.7891964269349 66.1752043304269 26.5652144786343
38.0531497815709 66.3028908494373 25.0652144786343
38.3192913718589 66.4259512999468 24.5652144786343
38.5864967196804 66.5466845706563 24.0652144786343
38.8756831420892 66.6781101664302 24.8152144786343
39.1631244812993 66.8133098359685 25.5652144786343
39.4270778359353 66.9409963549789 26.0652144786343
39.7127248403529 67.0799469325143 25.8152144786343
39.9559444350691 67.1943466528929 24.5652144786343
40.2689013178079 67.3324763655967 23.0652144786343
40.5401574217342 67.4438107567045 21.5652144786343
40.836827793851 67.5573368085084 20.3152144786343
41.1576335661453 67.6761033208256 20.3152144786343
41.476857248617 67.7990588759437 21.8152144786344
41.7476249839982 67.9115757815052 23.3152144786344
42.016387789375 68.0288010987649 23.8152144786343
42.2634517139498 68.134642888481 22.5652144786343
42.5136326565396 68.2328903476923 20.3152144786344
42.790764348271 68.3286674117457 17.8152144786343
43.0710697901948 68.4147143744379 16.3152144786343
43.352477537613 68.4970848804067 16.3152144786344
43.6092514997868 68.5765216453597 18.0652144786343
43.9092504189564 68.6809348754948 20.3152144786343
44.1833279647915 68.7851304580768 21.3152144786343
44.4347734932801 68.8800947328317 20.0652144786344
44.6886187325773 68.9684443890999 18.3152144786343
44.9689241745011 69.054491351792 15.8152144786343
45.2289187277808 69.1226521876251 13.5652144786344
45.51454369243 69.1889364250409 12.5652144786343
45.8241266615483 69.2600691134621 13.3152144786343
46.0847061229857 69.3259585022409 15.0652144786344
46.3664705995985 69.4071003550647 17.0652144786342
46.6232445617723 69.4865371200177 17.3152144786343
46.8807019545296 69.5637301131661 16.0652144786343
47.1879682447694 69.6442838282416 13.3152144786343
47.4269168131321 69.695358244103 10.8152144786344
47.6914577275165 69.7429100252822 9.56521447863429
47.980381151316 69.7928947803638 10.0652144786343
48.2440518818258 69.8450561947335 12.3152144786343
48.5290875390006 69.9138304246419 14.8152144786343
48.8115493741446 69.9925103601254 16.3152144786343
49.0463531046553 70.0601285708119 15.8152144786344
49.2823011739161 70.1236385927796 14.3152144786344
49.5439908762322 70.1849702076151 12.0652144786343
49.8076616067419 70.2371316219849 10.3152144786343
50.0968003791447 70.2858552389899 8.81521447863429
50.3867454586789 70.3295252677794 8.31521447863432
50.6766905382132 70.3731952965688 8.81521447863439
50.9418312223199 70.4172802702902 10.0652144786344
51.2298382874212 70.4722998214729 11.5652144786344
51.5171004945851 70.5310845550009 11.5652144786344
51.7809963115231 70.5820949958851 10.3152144786344
52.0459421153065 70.6273364407581 9.06521447863432
52.3119814117439 70.6656269099078 7.31521447863428
52.6032739265955 70.6991513987485 5.81521447863437
52.8951071591911 70.7275870262858 5.3152144786343
53.2111918688436 70.7590819537189 6.06521447863431
53.5024843836952 70.7926064425596 7.06521447863435
53.7929762459465 70.8324774662028 8.56521447863425
54.0827280195705 70.8774121993426 9.06521447863432
54.3967312289699 70.9254065596057 8.31521447863432
54.6873942955557 70.9640096978657 6.81521447863431
54.9789682715228 70.9949909357254 5.3152144786343
55.3199675024842 71.0222187242695 3.81521447863429
55.6126921197318 71.0391751100245 2.81521447863425
55.9544338592917 71.054485610599 2.31521447863428
56.2961755988516 71.0697961111735 2.81521447863436
56.6133332553389 71.0874736410238 3.56521447863436
56.9546596728093 71.1102355548738 4.06521447863433
57.2472251734981 71.1297457667452 3.56521447863426
57.5401466645495 71.1428690529519 1.56521447863438
57.8333322999825 71.1470408315138 0.0652144786343739
58.1265266724524 71.143536475288 358.565214478634
58.4440588963209 71.1348900346737 358.315214478634
58.761625824606 71.1276291676679 359.065214478634
59.0792755755409 71.1272977145831 0.815214478634302
59.3968569650479 71.1338958331731 1.56521447863431
59.6900216068048 71.1393468316279 0.565214478634368
60.0320817080198 71.1352584160312 358.065214478634
60.300414078741 71.119740487698 355.315214478634
60.5921873333362 71.0906958933036 353.315214478634
60.8831003056781 71.0540235183631 352.315214478634
61.2223088608485 71.0097585877241 352.815214478634
61.5380345248386 70.9748475690025 354.565214478634
61.8547862342675 70.9509764838997 356.815214478634
62.1232438054667 70.9378007584001 357.565214478634
62.3917013766659 70.9246250329005 356.815214478634
62.659807635296 70.9055960718144 355.065214478634
62.9029520141253 70.8813922431524 353.565214478634
63.1695482647174 70.8471941957398 351.815214478634
63.4349758148527 70.8048706454895 350.065214478635
63.6750854532489 70.7595674907711 348.565214478635
63.986011506051 70.6945562315995 347.815214478634
64.2488602534797 70.6383992796543 348.065214478634
64.5359991568392 70.5790151846615 348.565214478635
64.8236453442421 70.5221390786662 349.065214478634
65.0876565982374 70.4717295057615 349.315214478634
65.3994069843403 70.410793712546 348.565214478634
65.662255731769 70.3546367606008 347.315214478634
65.9235443898686 70.2916184741662 345.565214478634
66.2065224090215 70.2148157317874 344.065214478634
66.4641548578148 70.1382090179472 342.815214478634
66.7670031398175 70.0423737832046 342.065214478634
67.0463617380284 69.9533008121852 342.565214478634
67.3033158657597 69.8744487765839 343.315214478634
67.5845511008117 69.7914911782229 343.815214478634
67.8425153559155 69.7160093236792 343.565214478634
68.0994694836468 69.637157288078 342.315214478634
68.3772309964973 69.5432224035057 340.315214478634
68.6519943271196 69.440848907395 338.815214478634
68.9244590054616 69.3325058429348 337.815214478634
69.2183312117907 69.2119214306859 337.565214478634
69.5127267677537 69.09262042164 338.315214478634
69.7861265310736 68.9866591552394 339.315214478634
70.0608898616959 68.8842856591286 339.815214478634
70.3352038895433 68.7807142601482 338.815214478634
70.6071932399188 68.6711833793752 337.315214478634
70.8757108217196 68.5533974344392 335.315214478634
71.1393971316989 68.4251603474086 332.815214478634
71.3978455846791 68.2866698505767 330.815214478634
71.6734642493727 68.1287590345992 329.565214478634
71.9469923124291 67.9672540103717 329.315214478634
72.2642158054365 67.7836633308421 330.565214478634
72.520207903027 67.6406833793392 331.065214478634
72.7762000006176 67.4977034278362 330.565214478634
73.0296577651458 67.3502775747406 329.065214478634
73.277816041978 67.1940959810739 326.565214478634
73.4991662847521 67.0416258617046 324.315214478634
73.7343057058271 66.8664554497706 322.315214478634
73.983556232727 66.6695401152478 321.065214478634
74.2310788802738 66.4704571850866 321.315214478634
74.4419831722661 66.3038365174134 322.065214478634
74.6740296352434 66.1245890360356 322.565214478634
74.9060760982208 65.9453415546578 322.065214478634
75.0974763531837 65.7934502886866 321.065214478634
75.3414868256205 65.5900778139725 319.315214478634
75.5426057239143 65.4117683750028 317.565214478634
75.7564037812665 65.2111054456087 316.065214478634
75.9648758322341 65.0049146976932 314.565214478634
76.1852954631995 64.7761863426183 313.315214478634
76.3855117789966 64.5619699859851 312.815214478634
76.6008892732886 64.3284876331559 312.565214478634
76.8322851530769 64.0765396726516 312.565214478634
77.0136638893608 63.8781843820727 312.315214478634
77.2259667421688 63.6419028279476 311.565214478634
77.4185850485641 63.420829517478 310.565214478634
77.5911390162256 63.2147513878259 309.315214478634
77.7749295234489 62.9862863576458 308.315214478634
77.9392598688528 62.7735926697844 307.065214478634
78.1007920613225 62.5587661861458 306.815214478634
78.2764972937673 62.3240261344884 306.815214478634
78.4662893760689 62.0693097439169 306.565214478634
78.4662893760689 62.0693097439169 37.8152144786343
78.5239034363993 62.1146316077056 38.5652144786344
78.5997904099097 62.1762268147915 39.5652144786343
78.6559935361784 62.2232869877901 40.3152144786343
78.7119907893441 62.2705919444324 40.0652144786344
78.8056626664587 62.3490255660967 39.8152144786343
78.9748864544945 62.4894690462877 39.5652144786344
79.182462535647 62.660218095509 39.3152144786344
79.3715062661022 62.815032443209 39.3152144786343
79.5413412415906 62.9547362107537 39.5652144786344
79.6920343840022 63.0792463949484 39.5652144786343
79.8432693683663 63.2030978731084 39.0652144786343
80.0137122978942 63.3420592682485 39.3152144786344
80.1649472822584 63.4659107464085 39.3152144786344
80.3347822577468 63.6056145139532 39.5652144786343
80.4854754001583 63.7301246981479 39.5652144786343
80.6361685425698 63.8546348823425 39.5652144786344
80.7868616849813 63.9791450665372 39.5652144786343
80.9752281129957 64.1347827967805 39.5652144786344
81.201267826613 64.3215480730725 39.5652144786343
81.3333616964373 64.4302065589406 39.3152144786343
81.4654555662616 64.5388650448087 39.5652144786344
81.6161487086731 64.6633752290034 39.5652144786344
81.8045151366875 64.8190129592467 39.5652144786344
81.955208279099 64.9435231434414 39.5652144786344
82.1059014215105 65.0680333276361 39.5652144786343
82.2751252095464 65.208476807827 39.8152144786343
82.425273641025 65.3336433275619 39.8152144786343
82.5944974290609 65.4740868077528 39.5652144786344
82.7265912988852 65.5827452936209 39.3152144786344
82.8964262743736 65.7224490611656 39.5652144786344
83.0280447761792 65.8316828790919 39.8152144786343
83.1781932076579 65.9568493988268 39.8152144786343
83.3283416391366 66.0820159185617 39.8152144786344
83.4975654271724 66.2224593987526 39.5652144786343
83.6674004026608 66.3621631662973 39.3152144786344
83.7994942724851 66.4708216521654 39.5652144786344
83.968718060521 66.6112651323564 39.8152144786343
84.1003365623266 66.7204989502826 39.5652144786344
84.2510297047381 66.8450091344773 39.5652144786343
84.4393961327525 67.0006468647206 39.5652144786344
84.590089275164 67.1251570489153 39.5652144786343
84.7407824175755 67.24966723311 39.5652144786344
84.891475559987 67.3741774173046 39.5652144786343
85.0044954167957 67.4675600554506 39.5652144786343
85.1737192048315 67.6080035356416 39.8152144786344
85.3429429928673 67.7484470158325 39.5652144786343
85.5127779683557 67.8881507833772 39.3152144786344
85.6640129527199 68.0120022615372 39.3152144786344
85.815247937084 68.1358537396972 39.3152144786344
85.9473418069084 68.2445122255653 39.5652144786344
86.1357082349227 68.4001499558086 39.5652144786344
86.2864013773343 68.5246601400033 39.5652144786344
86.4370945197458 68.649170324198 39.5652144786343
86.5877876621573 68.7736805083927 39.5652144786344
86.7384808045688 68.8981906925873 39.5652144786343
86.9077045926046 69.0386341727782 39.8152144786344
87.0393230944103 69.1478679907045 39.5652144786344
87.2091580698987 69.2875717582492 39.3152144786344
87.3603930542628 69.4114232364092 39.3152144786344
87.5302280297513 69.551127003954 39.5652144786343
87.6809211721628 69.6756371881486 39.5652144786344
87.8877502464288 69.8472903306042 39.8152144786344
88.0569740344646 69.9877338107952 39.5652144786343
88.2076671768761 70.1122439949898 39.5652144786344
88.3583603192876 70.2367541791845 39.5652144786344
88.5090534616991 70.3612643633792 39.5652144786343
88.678277249735 70.5017078435701 39.8152144786343
88.8284256812136 70.626874363305 39.8152144786343
88.9791188236251 70.7513845474996 39.3152144786344
89.1303538079893 70.8752360256597 39.3152144786344
89.3001887834777 71.0149397932044 39.5652144786344
89.4508819258892 71.139449977399 39.5652144786343
89.620105713925 71.27989345759 39.8152144786344
89.7517242157307 71.3891272755163 39.5652144786344
89.9024173581422 71.5136374597109 39.5652144786343
90.0531105005537 71.6381476439056 39.5652144786344
BlueCove stack shutdown completed
