0.0 0.0 37.8152144786343
0.0 0.0 37.8152144786343
0.0192704217317203 0.0150233481309457 38.0652144786343
0.0384751085085269 0.0301306360605081 38.3152144786343
0.134168039470224 0.106085336596476 38.5652144786343
0.325222031290434 0.258411914998796 38.5652144786343
0.574023651790848 0.455894136392311 38.3152144786343
0.766399652154245 0.606547675223555 37.8152144786343
0.940421760404483 0.740999776008482 37.5652144786343
1.11444386865472 0.875451876793409 37.8152144786343
1.26886908230855 0.99530204377708 37.8152144786343
1.44230287789403 1.13051217695559 38.0652144786343
1.63467887825743 1.28116571578683 38.0652144786343
1.78910409191126 1.4010158827705 37.5652144786343
1.94405077889474 1.52019110389843 37.5652144786343
2.09899746587821 1.63936632502636 37.5652144786343
2.23434799451728 1.74394018119241 37.8152144786343
2.42737951158457 1.893752889922 37.8152144786343
2.5818047252384 2.01360305690567 37.8152144786343
2.75523852082388 2.14881319008418 38.0652144786343
2.92867231640937 2.28402332326269 37.8152144786343
3.0830975300632 2.40387349024636 37.8152144786343
3.21799048218524 2.50903692716298 38.0652144786343
3.37189128247596 2.62955975822798 38.0652144786343
3.56426728283936 2.78021329705922 38.0652144786343
3.6991602349614 2.88537673397584 37.8152144786343
3.87318234321164 3.01982883476077 37.5652144786343
4.04720445146187 3.1542809355457 37.8152144786343
4.20110525175259 3.27480376661069 38.3152144786343
4.33553805919024 3.38055478211763 38.0652144786343
4.50897185477572 3.51576491529614 37.8152144786343
4.68299396302596 3.65021701608107 37.5652144786343
4.83794065000943 3.76939223720899 37.5652144786343
4.97329117864851 3.87396609337505 37.8152144786343
5.14731328689874 4.00841819415997 37.5652144786343
5.32133539514898 4.1428702949449 37.8152144786343
5.47576060880281 4.26272046192857 37.8152144786343
5.63018582245664 4.38257062891224 37.8152144786343
5.78461103611047 4.50242079589591 37.8152144786343
5.95804483169596 4.63763092907442 38.0652144786343
6.092937783818 4.74279436599104 37.8152144786343
6.28596930088529 4.89260707472063 37.8152144786343
6.42131982952436 4.99718093088668 37.5652144786343
6.57626651650784 5.11635615201461 37.5652144786343
6.73121320349131 5.23553137314253 37.5652144786343
6.88615989047478 5.35470659427046 37.5652144786343
7.06018199872502 5.48915869505539 37.8152144786343
7.27287568658642 5.65348904045919 37.5652144786343
7.4082262152255 5.75806289662524 37.8152144786343
7.56265142887933 5.87791306360891 37.8152144786343
7.71707664253316 5.99776323059258 37.8152144786343
7.91010815960045 6.14757593932217 37.8152144786343
8.04500111172249 6.25273937623879 38.0652144786343
8.21843490730797 6.3879495094173 37.8152144786343
8.35378543594705 6.49252336558336 37.5652144786343
8.52780754419728 6.62697546636828 37.8152144786343
8.70182965244752 6.76142756715321 37.5652144786343
8.87585176069776 6.89587966793814 37.8152144786343
9.18470218800542 7.13558000190548 37.8152144786343
9.20390687478223 7.15068728983504 38.5652144786343
9.37313066281805 7.29113077002599 40.8152144786343
9.60755055168408 7.50548745836154 44.0652144786343
9.84597481940958 7.75079480954536 47.5652144786343
10.0678447340855 8.01117063205382 51.5652144786343
10.3000350786438 8.32570597258978 55.5652144786343
10.5097189429689 8.65567190051851 59.5652144786343
10.6958747683512 8.9994608550072 63.5652144786343
10.8482157084063 9.33282030081469 67.3152144786343
10.9784277239005 9.67542957264904 71.0652144786343
11.0794980950151 10.0022423754399 74.5652144786343
11.1700886182428 10.3573897240535 76.8152144786343
11.2364559250871 10.6680291528329 79.0652144786343
11.2954747946861 11.004984047465 81.0652144786343
11.3346844356349 11.2955659199506 83.5652144786343
11.362699627417 11.6119780296423 86.3152144786344
11.3741166950248 11.9294227093857 89.5652144786344
11.3662648946948 12.2714171204758 93.0652144786343
11.3389100865242 12.5878870062471 96.8152144786343
11.2864862311944 12.9259307421418 100.815214478634
11.1997697826911 13.3071460279202 104.815214478634
11.0929757492016 13.6577616529813 109.065214478634
10.9604917849245 13.9994988053885 113.315214478634
10.8059407998429 14.3318394064836 116.565214478634
10.6502908471533 14.6364619929951 117.565214478634
10.507613170087 14.9202657184765 115.815214478634
10.3857151490962 15.1869417260946 113.315214478634
10.2779409289724 15.4596319130052 109.815214478634
10.1774635086957 15.7609718574943 107.065214478634
10.086235425884 16.0652396852984 106.315214478634
10.007919801325 16.3223578103432 107.565214478634
9.91335286028378 16.5999047689335 110.065214478634
9.78900560395622 16.9185889195106 112.565214478634
9.68640684881595 17.1670171037415 112.315214478634
9.57863262869216 17.4397072906521 110.815214478634
9.4880711470163 17.6927718778888 108.565214478634
9.40863438206333 17.9495458400626 105.815214478634
9.33933975842397 18.2092405115738 104.065214478634
9.27572683443165 18.4703850370338 103.315214478634
9.19549023287186 18.8029266370712 103.815214478634
9.12846448252912 19.063216122198 105.065214478634
9.05577649730616 19.321981506438 106.315214478634
8.97970760521167 19.5797732652902 106.565214478634
8.90476426241314 19.8378944822539 105.815214478634
8.82978837881705 20.1213620067423 103.815214478634
8.76959918092219 20.3833168267655 102.065214478634
8.71743776655242 20.6469875572753 100.315214478634
8.66745301147088 20.9359109810748 99.3152144786344
8.61672031853254 21.2494834097055 99.0652144786344
8.56799670152748 21.5386221821082 100.065214478634
8.51813820529421 21.8027380612786 101.315214478634
8.46482681051696 22.0661786854495 101.565214478634
8.41266539614719 22.3298494159593 100.815214478634
8.36626834145456 22.5945952952331 99.0652144786344
8.32797787230484 22.8606345916705 97.3152144786343
8.29572470192773 23.1520706113407 95.3152144786343
8.27374696272787 23.4199512680822 94.0652144786343
8.25330241843582 23.7369425845861 93.3152144786343
8.23285787414378 24.0539339010899 94.0652144786343
8.21079532193408 24.3463180052245 94.5652144786343
8.1876489457897 24.6141002162618 95.3152144786344
8.16176109405776 24.9061704812552 94.8152144786344
8.13969854184806 25.1985545853898 93.8152144786344
8.12401956554596 25.4913504020654 92.3152144786343
8.11601046299533 25.7844563126795 90.8152144786344
8.11495590881736 26.10210448605 89.5652144786343
8.11944524027881 26.4197226845733 88.8152144786343
8.12670610728462 26.7372896128585 88.5652144786343
8.13276890117454 27.0304422404961 89.0652144786343
8.13536476383695 27.3725169245671 90.0652144786344
8.13375163897883 27.6657278015632 90.5652144786344
8.13085915973452 27.9589288488403 90.5652144786344
8.12897718073339 28.3010082053357 90.0652144786343
8.13208060302503 28.6186429687043 88.8152144786344
8.14211245263206 28.9361344428003 87.5652144786343
8.1576837645861 29.2534024814902 86.8152144786343
8.17740665282224 29.5704395168817 86.0652144786344
8.19752737916194 29.8629636644869 86.0652144786344
8.21764810550165 30.1554878120921 86.0652144786344
8.23875413663024 30.4724357724581 86.3152144786344
8.25759829810587 30.7650449283963 86.3152144786344
8.27545724752237 31.0332316640906 86.0652144786344
8.29565585799402 31.3012523412997 85.3152144786343
8.32215317679557 31.5932679447474 84.3152144786344
8.35706419551709 31.9089936087375 83.0652144786343
8.39126224292971 32.1755898593296 82.3152144786343
8.43173940921326 32.4659978818948 81.8152144786343
8.47601443128584 32.7558511947637 80.8152144786343
8.51949572114041 33.0210915474803 80.5652144786343
8.56882263773605 33.3101280086055 80.0652144786343
8.6157720913893 33.5747764850384 79.8152144786343
8.66887815240983 33.8631425143197 79.3152144786343
8.71928772531456 34.1271537683151 79.0652144786343
8.77084878111233 34.390942556556 78.8152144786343
8.82356033815495 34.6545038568844 78.5652144786343
8.88294443314771 34.9416427602438 78.0652144786344
8.93910138509292 35.2044915076726 77.8152144786343
8.99754995767861 35.4668401909917 77.0652144786344
9.05828569981969 35.7286688313334 76.8152144786343
9.12516586559667 36.0141548449773 76.8152144786344
9.18704346891467 36.2757159840714 76.5652144786343
9.25516866181467 36.5609074612459 76.5652144786343
9.31818694824923 36.8221961193454 76.3152144786344
9.38120523468378 37.083484777445 76.5652144786344
9.45057415770133 37.3683762885154 76.0652144786343
9.51148423659737 37.6050088656621 75.0652144786343
9.58952096848777 37.8876490769493 74.0652144786343
9.67247856684883 38.1688843120013 73.0652144786343
9.75356991932328 38.425140550619 71.8152144786343
9.84750480389554 38.7029020634695 70.8152144786343
9.9462729885448 38.978981882112 69.8152144786344
10.0565279519322 39.2768834047308 69.5652144786343
10.1680817022514 39.5743010150364 69.3152144786344
10.2716531012318 39.8486150428837 69.3152144786343
10.3764204312318 40.1224745454124 68.8152144786343
10.4823816976324 40.3958743087323 68.8152144786343
10.5895348830839 40.668809127706 68.3152144786343
10.6990657638569 40.9407984780815 67.8152144786344
10.8309944460486 41.2564195337803 66.8152144786343
10.9487803909845 41.5249371155811 65.8152144786344
11.0700710314624 41.791889922446 65.3152144786344
11.1936866267098 42.0577741174863 64.8152144786343
11.3294858651441 42.344932681647 64.5652144786343
11.4454520175194 42.587409317181 64.3152144786343
11.5736891045501 42.8510956271603 63.8152144786343
11.7042223766498 43.1136528312807 63.3152144786343
11.8370418932047 43.3750609347946 62.8152144786344
11.9613997146755 43.6133426997613 62.0652144786344
12.1120415630219 43.8930005400894 61.3152144786343
12.2539031807625 44.1496140665696 60.8152144786343
12.3854797714329 44.3839869917639 60.5652144786343
12.5306882028244 44.6387216223375 60.0652144786343
12.6653213678128 44.8713521838762 59.8152144786343
12.789096671417 45.0820289232089 59.3152144786344
12.9267633420236 45.3128772610429 59.0652144786343
13.0664392769201 45.5425154557915 58.3152144786343
13.2215365925371 45.7913528389336 57.8152144786344
13.3787994907809 46.0388272848802 57.3152144786343
13.538215995473 46.284919947494 56.8152144786343
13.6858211009842 46.5095436330297 56.5652144786343
13.8344049040139 46.7335211335824 56.3152144786344
13.9839645757407 46.9568481849434 56.0652144786344
14.1344972687639 47.1795205352876 55.8152144786343
14.286000117158 47.4015339452544 55.5652144786343
14.4528575725596 47.642643484961 55.0652144786343
14.6082120146013 47.8619789919235 54.3152144786343
14.7813238040777 48.0986380904278 53.3152144786343
14.9433039676609 48.3131270036195 52.5652144786343
15.1225514490388 48.5451734665969 52.0652144786343
15.3028097145961 48.7764356084594 52.0652144786343
15.4830679801535 49.007697750322 52.0652144786343
15.6633262457109 49.2389598921845 52.0652144786344
15.8435845112683 49.470222034047 52.0652144786344
16.0394104141608 49.720329390769 51.8152144786343
16.2069497363808 49.9305046575982 51.0652144786343
16.3922100623899 50.1577794519938 50.5652144786343
16.5794466558147 50.3834289116504 50.0652144786343
16.7371121575221 50.5701013623482 49.5652144786343
16.9447122275632 50.8105253317213 48.8152144786344
17.1699713483185 51.0679746597488 48.8152144786344
17.3474015459546 51.2698696627663 48.5652144786343
17.5591659743302 51.5066338936055 47.8152144786344
17.7570131823397 51.7230402309514 47.3152144786343
17.9576761117338 51.9368382883036 46.3152144786343
18.1620397697842 52.1471017321754 45.3152144786343
18.369138182948 52.3546721246346 44.8152144786343
18.5602196530173 52.5436984166491 44.5652144786344
18.7870157990831 52.7661056608203 44.3152144786343
18.9968134821133 52.9709474357486 44.3152144786343
19.2066111651435 53.1757892106769 44.3152144786343
19.3993349040633 53.3631408259178 44.0652144786344
19.610912157661 53.5661439941705 43.5652144786343
19.8251285142943 53.7663603099676 42.5652144786343
20.0419472690932 53.9637554672742 42.0652144786343
20.2418778148913 54.1433963427271 41.8152144786343
20.4612618170783 54.337936518899 41.3152144786343
20.7003020868713 54.5471283532221 41.0652144786343
20.90333734785 54.723252599355 40.8152144786343
21.1252490071058 54.9149044609346 40.8152144786343
21.3479947902696 55.1055862289235 40.3152144786343
21.5723960831738 55.2943169373509 39.8152144786343
21.7984357967911 55.4810822136429 39.3152144786343
22.0455046080729 55.6807280916919 38.5652144786343
22.2755647933902 55.86251789254 38.0652144786343
22.4875394324391 56.0277747219804 37.8152144786343
22.7191772529198 56.2075499724559 37.8152144786343
22.9311518919688 56.3728068018963 38.0652144786343
23.1620030924048 56.5535910484938 38.0652144786343
23.3739777314538 56.7188478779342 37.8152144786343
23.5866714193152 56.883178223338 37.5652144786344
23.8007910430453 57.0456462325284 36.8152144786343
24.0170189631614 57.2052975834117 36.0652144786343
24.2353181301225 57.362104920551 35.3152144786343
24.4347006625321 57.503355124261 35.3152144786343
24.6739597014237 57.6728553687129 35.3152144786343
24.8733422338334 57.8141055724229 35.3152144786343
25.072724766243 57.9553557761329 35.3152144786343
25.2721072986526 58.0966059798429 35.3152144786343
25.4917665382443 58.2515023508095 35.0652144786343
25.712769122565 58.4044759596451 34.3152144786343
25.9357551357309 58.5545436284115 33.5652144786343
26.1399457707076 58.6887494362815 33.0652144786343
26.4065297900201 58.8614759101566 32.8152144786343
26.6529546041434 59.0203784952359 32.8152144786343
26.8785256974078 59.1665316654379 33.0652144786343
27.1242548246196 59.3265079655587 33.0652144786343
27.3290290972962 59.4598215489926 33.0652144786343
27.5956131166087 59.6325480228677 32.8152144786343
27.8218197740835 59.7777155653513 32.5652144786344
28.0696218741544 59.934461665019 32.0652144786343
28.2977093363772 60.0766558169851 31.8152144786343
28.5475419496931 60.2301448585625 31.3152144786343
28.7774711350515 60.3693412557753 31.0652144786343
29.0506308372874 60.5314685243162 30.3152144786343
29.3043957139136 60.6783651136282 29.8152144786343
29.5803433235889 60.8357003952552 29.5652144786343
29.8353804359275 60.980376902991 29.5652144786343
30.090417548266 61.1250534107268 29.5652144786343
30.3448209644855 61.2708413470468 30.0652144786344
30.5985858411117 61.4177379363587 30.0652144786344
30.8523507177379 61.5646345256707 30.0652144786344
31.1067541339574 61.7104224619907 29.5652144786343
31.3833856193055 61.8665522011317 29.3152144786344
31.6180326222222 61.9976393908141 29.0652144786343
31.896016046002 62.1513491505362 28.8152144786343
32.1529250656673 62.2926749308285 28.8152144786343
32.4315765264669 62.4451702996905 28.5652144786344
32.7102279872666 62.5976656685526 28.8152144786343
32.9888794480662 62.7501610374146 28.5652144786344
33.2252222265025 62.8781655621692 28.3152144786343
33.5051938333581 63.0282234626105 28.0652144786343
33.764530199493 63.1650440376733 27.5652144786344
34.0256352736458 63.2984582828358 26.5652144786343
34.288464316806 63.428443338254 26.0652144786344
34.5306763372445 63.544961167069 25.3152144786343
34.7738959319607 63.6593608874475 25.0652144786343
35.0619244529098 63.7933050745182 24.8152144786343
35.3286004605279 63.915203095509 24.3152144786344
35.5737795621381 64.0253406250356 24.0652144786343
35.8194368939252 64.1344073138818 23.8152144786343
36.0881996993019 64.2516326311415 23.3152144786343
36.3352636238767 64.3574744208576 23.0652144786343
36.5832417731495 64.4611561683345 22.3152144786343
36.8321152626241 64.5626699778057 22.0652144786343
37.1043326014652 64.6716330036211 21.5652144786343
37.3774904448171 64.7782163661875 21.0652144786344
37.6511107440786 64.8836068420031 21.0652144786343
37.9021395204852 64.9796673473756 20.8152144786343
38.1535850489737 65.0746316221305 20.5652144786343
38.4054425423838 65.1684978582849 20.3152144786344
38.680860485367 65.2690969499484 19.8152144786343
38.9339250726037 65.3596584316242 19.5652144786343
39.1645176965076 65.4404795679646 19.0652144786343
39.4187460162566 65.5277207779183 18.8152144786343
39.6967029576118 65.621075795529 18.3152144786343
39.9520514491594 65.7049817854283 18.0652144786343
40.2077636177582 65.787772812159 17.8152144786343
40.463834595017 65.8694472994993 17.5652144786343
40.6967878257478 65.94318878423 17.5652144786343
40.9767151498545 66.0304579871543 17.0652144786343
41.2338332748993 66.1087736117133 16.8152144786343
41.5148789355252 66.1923712026114 16.3152144786343
41.7730001524889 66.2673145454099 16.0652144786344
42.0551159939068 66.3472262002649 15.5652144786343
42.3141960750476 66.418784420147 15.3152144786343
42.5735859205779 66.4892115123229 15.0652144786344
42.8332805920891 66.5585061359623 14.8152144786344
43.0929752636003 66.6278007596017 15.0652144786343
43.3291982006739 66.6902806625984 14.5652144786343
43.6133092112973 66.7627800019275 14.0652144786343
43.8741736879878 66.8275317747032 13.8152144786343
44.1592093451627 66.8963060046116 13.3152144786343
44.3969868677267 66.9525809016932 13.3152144786343
44.6826118323758 67.018865139109 12.8152144786344
44.944566652399 67.0790543370039 13.0652144786343
45.2065214724222 67.1392435348987 12.8152144786343
45.492432936756 67.2042808712761 12.8152144786343
45.7546478872442 67.2633265063148 12.5652144786344
46.0411160155702 67.3258663497269 12.0652144786344
46.3281189922312 67.3859039375224 11.5652144786343
46.615381199395 67.4446886710504 11.5652144786343
46.9028971680033 67.5022194311345 11.0652144786343
47.2150341161138 67.5611431085011 10.3152144786344
47.527673378568 67.6173406680766 10.0652144786343
47.8407911466757 67.6708078301992 9.31521447863437
48.1543635753064 67.7215405231375 9.06521447863434
48.4441153489304 67.7664752562774 8.56521447863437
48.7583249834832 67.8130990665497 8.31521447863433
49.0486401108538 67.8542372164892 7.81521447863436
49.4118628057826 67.9032836844005 7.56521447863433
49.6783805167435 67.9380885263164 7.31521447863429
49.9933559933336 67.9792215213079 7.56521447863433
50.2840190599194 68.0178246595679 7.56521447863433
50.5989945365095 68.0589576545594 7.31521447863429
50.9141464907391 68.098715922573 7.06521447863426
51.1810969497857 68.1300291736245 6.31521447863436
51.4726709257529 68.1610104114842 5.81521447863428
51.764625453744 68.1881724096815 4.81521447863435
52.0570095578786 68.2102349618912 3.81521447863431
52.325305908132 68.2263636852544 3.0652144786343
52.5937327903594 68.2401504968608 2.81521447863427
52.8621596725869 68.2539373084671 3.0652144786343
53.179391442492 68.2702308130928 2.81521447863437
53.4478759256121 68.2828462639511 2.56521447863433
53.7164602748455 68.293118295079 1.81521447863433
53.9363022895041 68.2986455146525 1.06521447863432
54.2295033367812 68.3015379938969 0.0652144786342849
54.473842396832 68.2996838062809 359.065214478634
54.7181362531967 68.2946314780392 358.565214478634
54.9624057391892 68.2885132682405 358.565214478634
55.2311162169689 68.2823694576971 358.815214478634
55.4998509441642 68.277398172561 359.065214478634
55.7441448005289 68.2723458443194 358.565214478634
55.9883132744701 68.2630307699004 357.065214478634
56.2809224304083 68.2441866084248 355.565214478634
56.5486557539936 68.2204814461477 354.315214478634
56.8401644400733 68.1888917880187 353.315214478634
57.1558901040633 68.1539807692972 354.065214478634
57.4477873117358 68.1262095483372 355.065214478634
57.7401247366852 68.1035368657749 356.065214478634
58.0569775877934 68.0810480935823 355.815214478634
58.3492133019749 68.057100068247 354.815214478634
58.5922497574546 68.0318355558623 353.315214478634
58.8588460080468 67.9976375084497 352.065214478634
59.1488897473359 67.9546276274947 351.065214478634
59.4381386856355 67.9065623359302 350.065214478634
59.7027871620684 67.859612882277 349.815214478634
59.9674356385013 67.8126634286237 350.065214478634
60.2804411437781 67.7585429353092 350.315214478634
60.5454892492819 67.7139047336714 350.565214478634
60.8105373547857 67.6692665320337 350.315214478634
61.0991323571994 67.6174192067176 349.315214478635
61.4344268519061 67.5496001105523 347.815214478634
61.7204856272581 67.4852137951995 346.815214478634
62.0289534120846 67.4093909763759 345.565214478634
62.3125908781594 67.3350605761396 345.065214478634
62.6193311899308 67.2525266118308 344.815214478634
62.9023092090837 67.175723869452 344.815214478634
63.1852872282366 67.0989211270732 344.815214478634
63.444529534139 67.027952865808 344.565214478634
63.7028206842858 66.9535973076266 343.315214478634
63.9825652761257 66.8657441124829 341.815214478634
64.2599142779327 66.7705981627151 340.315214478634
64.5582940412492 66.6616440853551 339.565214478634
64.8557116515548 66.5500903350359 339.315214478634
65.1073727064287 66.4556987001505 339.565214478634
65.3825801087282 66.3545250559533 340.065214478634
65.6582263431527 66.2545531898699 340.065214478634
65.9329896737751 66.1521796937592 339.065214478634
66.2059244927488 66.0450265083077 338.065214478634
66.453685727875 65.9408274793039 336.315214478634
66.7201067649638 65.8183731957647 334.315214478634
66.9826639690843 65.687839923665 332.815214478634
67.2204008541432 65.5624435889535 331.565214478634
67.5205026022645 65.3982462419597 331.065214478634
67.7560148110453 65.2687199249742 331.315214478634
68.0356726513733 65.1180780766278 332.065214478634
68.2941211043535 64.9795875797959 331.565214478634
68.5290659078462 64.8490348832003 330.315214478634
68.7605127304325 64.712376785777 328.565214478634
68.9870492630475 64.5677245591527 326.315214478634
69.2083995058215 64.4152544397834 324.565214478634
69.4458116917801 64.2431769150483 323.565214478634
69.700959467495 64.0539651641502 323.315214478634
69.9569304037763 63.8658685030703 324.065214478634
70.1950911572034 63.6948285191846 324.565214478634
70.4332519106305 63.5237885352988 324.065214478634
70.6491461823892 63.3636862845389 322.815214478634
70.8607754842309 63.1979874436298 321.065214478634
71.0672458839851 63.0259030419486 319.315214478634
71.3058490693694 62.8162128083787 318.065214478634
71.5046167388766 62.6352860805708 317.315214478634
71.7192883154483 62.4355579283918 316.815214478634
71.9330863728006 62.2348949989977 316.815214478634
72.1468844301528 62.0342320696036 316.815214478634
72.3942630586203 61.7979575636518 315.815214478634
72.5849496323245 61.6085329140267 314.565214478634
72.7879528005772 61.396955660429 313.065214478634
72.9853479578837 61.1801369056302 311.565214478634
73.1934947942227 60.9401861426553 310.315214478634
73.3984829396728 60.6975313789372 310.065214478634
73.6024103560001 60.4539844984393 309.815214478634
73.8052731607203 60.2095501379431 309.565214478634
73.9910503779604 59.9826976613969 309.065214478634
74.1581507191395 59.7721732132812 307.815214478634
74.3490524011492 59.518287368981 306.065214478634
74.5039487721158 59.2986281293894 304.315214478634
74.5039487721158 59.2986281293894 37.8152144786343
74.5615628324462 59.3439499931781 38.5652144786344
74.6185787119728 59.3900221188817 39.3152144786344
74.6751903704689 59.4365900413966 39.5652144786344
74.7127274783386 59.4678816713303 40.0652144786344
74.8628759098173 59.5930481910652 39.5652144786343
75.0327108853057 59.7327519586099 39.3152144786344
75.2410300213954 59.9025936637811 39.0652144786343
75.4307474551712 60.0565816814958 39.0652144786343
75.6017950937509 60.1947980586066 38.8152144786344
75.7728427323306 60.3330144357175 39.0652144786343
75.9240777166947 60.4568659138775 39.5652144786344
76.0933015047306 60.5973093940685 39.8152144786343
76.2625252927664 60.7377528742594 39.5652144786343
76.4132184351779 60.8622630584541 39.5652144786344
76.5453123050022 60.9709215443222 39.3152144786344
76.6965472893664 61.0947730224822 39.3152144786344
76.8663822648548 61.2344767900269 39.5652144786344
77.0362172403432 61.3741805575716 39.3152144786343
77.2252609707984 61.5289949052716 39.3152144786344
77.3764959551625 61.6528463834316 39.3152144786344
77.5277309395267 61.7766978615916 39.3152144786344
77.659824809351 61.8853563474597 39.5652144786344
77.8105179517625 62.0098665316544 39.5652144786343
77.980352927251 62.1495702991991 39.3152144786344
78.1315879116151 62.2734217773591 39.3152144786343
78.302030841143 62.4123831724992 39.0652144786343
78.4538047881637 62.535573586671 39.0652144786344
78.6050397725278 62.659425064831 39.5652144786344
78.7748747480163 62.7991288323757 39.3152144786344
78.9261097323804 62.9229803105357 39.3152144786344
79.0586764553466 63.0310613956447 39.0652144786343
79.2291193848744 63.1700227907848 39.3152144786344
79.3803543692386 63.2938742689448 39.3152144786344
79.550189344727 63.4335780364895 39.5652144786343
79.7200243202154 63.5732818040342 39.3152144786344
79.8525910431816 63.6813628891432 39.0652144786343
80.0043649902023 63.8045533033149 39.0652144786343
80.1748079197302 63.943514698455 39.3152144786344
80.3260429040943 64.067366176615 39.3152144786344
80.4772778884585 64.1912176547751 39.3152144786344
80.6093717582828 64.2998761406432 39.5652144786344
80.7792067337712 64.4395799081878 39.3152144786344
80.9496496632991 64.578541303328 39.0652144786344
81.1014236103198 64.7017317174997 39.0652144786343
81.2718665398477 64.8406931126398 39.3152144786344
81.4039604096721 64.9493515985079 39.5652144786343
81.5546535520836 65.0738617827026 39.5652144786344
81.7622296332361 65.2446108319239 39.3152144786344
81.932672562764 65.383572227064 39.0652144786344
82.0839075471282 65.507423705224 39.5652144786344
82.2346006895397 65.6319338894187 39.5652144786344
82.4044356650281 65.7716376569633 39.3152144786344
82.5556706493922 65.8954891351234 39.3152144786344
82.7261135789201 66.0344505302635 39.0652144786343
82.8586803018863 66.1425316153724 39.3152144786344
83.0099152862504 66.2663830935324 39.3152144786344
83.1797502617389 66.4060868610771 39.5652144786344
83.3304434041504 66.5305970452718 39.5652144786344
83.5002783796388 66.6703008128165 39.3152144786344
83.6328451026049 66.7783818979255 39.0652144786343
83.7846190496256 66.9015723120972 39.0652144786344
83.9550619791535 67.0405337072373 39.3152144786344
84.1062969635177 67.1643851853973 39.3152144786344
84.2761319390061 67.304088952942 39.5652144786344
84.4273669233702 67.427940431102 39.0652144786343
84.5791408703909 67.5511308452738 39.0652144786343
84.7309148174116 67.6743212594455 39.0652144786343
84.9013577469395 67.8132826545856 39.3152144786344
85.0525927313036 67.9371341327456 39.3152144786344
85.2038277156678 68.0609856109057 39.3152144786344
85.3742706451957 68.1999470060458 39.0652144786343
85.5260445922164 68.3231374202175 39.0652144786344
85.677818539237 68.4463278343893 39.0652144786343
85.8103852622032 68.5544089194982 39.3152144786344
85.9616202465674 68.6782603976583 39.3152144786344
86.1506639770225 68.8330747453583 39.3152144786344
86.3018989613867 68.9569262235183 39.3152144786343
86.4344656843528 69.0650073086273 39.0652144786343
86.5862396313735 69.188197722799 39.0652144786343
86.7380135783942 69.3113881369708 39.0652144786344
86.9084565079221 69.4503495321109 39.3152144786344
87.0596914922862 69.5742010102709 39.3152144786344
87.2301344218141 69.713162405411 39.0652144786343
87.3819083688348 69.8363528195827 39.0652144786344
87.5523512983627 69.9753142147229 39.3152144786344
87.7035862827269 70.0991656928829 39.3152144786344
87.8356801525512 70.207824178751 39.5652144786343
88.0055151280396 70.3475279462957 39.3152144786344
88.1567501124037 70.4713794244557 39.3152144786343
88.3271930419316 70.6103408195958 39.0652144786343
88.5355121780213 70.780182524767 39.3152144786344
88.6867471623855 70.904034002927 39.3152144786344
88.8379821467496 71.027885481087 39.3152144786344
88.9892171311138 71.1517369592471 39.3152144786344
89.1596600606417 71.2906983543871 39.0652144786343
89.3114340076623 71.4138887685589 39.0652144786343
89.4626689920265 71.5377402467189 39.5652144786343
89.613362134438 71.6622504309136 39.5652144786344
89.7640552768495 71.7867606151083 39.5652144786344
89.9152902612136 71.9106120932683 39.0652144786343
90.0857331907416 72.0495734884084 39.3152144786344
BlueCove stack shutdown completed
