0.0 0.0 37.8152144786343
0.0 0.0 37.8152144786343
0.0 0.0 37.8152144786343
0.0192704217317203 0.0150233481309457 38.0652144786343
0.0959571501708256 0.0756199484136192 38.5652144786343
0.248800343626993 0.197481211135475 38.5652144786343
0.497601964127407 0.394963432528991 38.3152144786343
0.689977964490804 0.545616971360235 37.8152144786343
0.902671652352206 0.709947316764035 37.5652144786343
1.05761833933568 0.829122537891961 37.5652144786343
1.23164044758592 0.963574638676888 37.8152144786343
1.4050742431714 1.0987847718554 38.0652144786343
1.53950705060905 1.20453578736234 38.3152144786343
1.69340785089977 1.32505861842733 37.8152144786343
1.86742995915 1.45951071921226 37.5652144786343
2.02237664613348 1.57868594034018 37.5652144786343
2.19639875438372 1.71313804112511 37.8152144786343
2.33129170650576 1.81830147804173 38.0652144786343
2.52366770686915 1.96895501687298 38.0652144786343
2.69710150245464 2.10416515005149 37.8152144786343
2.87112361070488 2.23861725083641 37.5652144786343
3.02607029768835 2.35779247196434 37.5652144786343
3.18049551134218 2.47764263894801 38.0652144786343
3.31492831877983 2.58339365445495 38.3152144786343
3.48777049977109 2.71935924582101 38.0652144786343
3.6416713000618 2.839882076886 38.0652144786343
3.79609651371563 2.95973224386967 37.5652144786343
3.97011862196587 3.0941843446546 37.8152144786343
4.10501157408791 3.19934778157122 38.0652144786343
4.25891237437863 3.31987061263622 38.0652144786343
4.43234616996411 3.45508074581473 37.8152144786343
4.58677138361794 3.5749309127984 37.8152144786343
4.76079349186818 3.70938301358332 37.5652144786343
4.91521870552201 3.829233180567 38.0652144786343
5.06911950581273 3.94975601163199 38.0652144786343
5.22302030610345 4.07027884269698 38.0652144786343
5.37692110639417 4.19080167376198 38.0652144786343
5.531346320048 4.31065184074565 37.5652144786343
5.7059534278329 4.4443433493628 37.3152144786343
5.86090011481637 4.56351857049073 37.8152144786343
5.99579306693841 4.66868200740735 38.0652144786343
6.14969386722913 4.78920483847234 38.0652144786343
6.32312766281461 4.92441497165085 37.8152144786343
6.49714977106485 5.05886707243578 37.5652144786343
6.65209645804832 5.17804229356371 37.5652144786343
6.80652167170215 5.29789246054738 38.0652144786343
6.9414146238242 5.403055897464 37.8152144786343
7.13444614089149 5.55286860619359 37.8152144786343
7.30846824914172 5.68732070697852 37.5652144786343
7.48249035739196 5.82177280776344 37.8152144786343
7.63691557104579 5.94162297474711 37.8152144786343
7.79134078469962 6.06147314173078 37.8152144786343
7.98437230176691 6.21128585046037 37.8152144786343
8.13879751542074 6.33113601744404 37.8152144786343
8.31281962367098 6.46558811822897 37.5652144786343
8.46776631065445 6.58476333935689 37.5652144786343
8.60311683929353 6.68933719552295 37.8152144786343
8.77655063487901 6.82454732870146 38.0652144786343
8.91144358700105 6.92971076561808 37.8152144786343
9.08546569525129 7.064162866403 37.5652144786343
9.25948780350153 7.19861496718793 37.8152144786343
9.41391301715536 7.3184651341716 37.8152144786343
9.56833823080919 7.43831530115527 37.8152144786343
9.72276344446302 7.55816546813894 37.8152144786343
9.87718865811685 7.67801563512261 37.8152144786343
10.0316138717707 7.79786580210628 37.8152144786343
10.1860390854245 7.91771596908995 37.8152144786343
10.3404642990783 8.03756613607362 37.8152144786343
10.5138980946638 8.17277626925213 38.0652144786343
10.6677988949545 8.29329910031713 38.0652144786343
10.8222241086084 8.4131492673008 37.5652144786343
10.9771707955918 8.53232448842872 37.5652144786343
11.1511929038421 8.66677658921365 37.8152144786343
11.3056181174959 8.78662675619732 37.8152144786343
11.6144685448036 9.02632709016466 37.8152144786343
11.6529437448763 9.05645779793091 38.3152144786343
11.8227787203647 9.19616156547561 40.5652144786343
12.0219235342683 9.37667308968364 43.8152144786343
12.2614158842097 9.6209377868972 47.3152144786343
12.4855495296171 9.87936753940573 50.8152144786343
12.7218371222658 10.1908366552302 54.8152144786343
12.9358221430145 10.5180296371955 58.8152144786343
13.115244766656 10.8376290806423 62.5652144786343
13.2892891294557 11.1877053528029 64.5652144786343
13.4488660144779 11.5176621679963 63.8152144786343
13.5828248710918 11.7784882504637 61.8152144786343
13.7395315743934 12.0547933051957 59.0652144786343
13.9242629846159 12.3427101926172 55.5652144786343
14.1112409747882 12.5994994161475 52.3152144786343
14.312476339652 12.8452753345331 49.0652144786344
14.5273217736828 13.0792473704824 45.8152144786343
14.7912391064615 13.333577713904 42.0652144786343
15.0520773838269 13.5549037653446 38.5652144786343
15.3259407774272 13.7598932031969 35.0652144786343
15.6118076663945 13.9477813342149 31.5652144786343
15.9086116519839 14.1178672599215 28.0652144786343
16.236792695108 14.281064946976 24.8152144786343
16.5060644323717 14.3971164530911 21.8152144786344
16.8032273296764 14.5093469596196 19.5652144786343
17.081988353158 14.6002728214416 16.5652144786343
17.364790804362 14.6777195396008 14.0652144786343
17.6746812003934 14.7475007446465 11.3152144786343
17.9394270796672 14.7938977993392 8.56521447863434
18.2060941178614 14.8275394107353 5.81521447863434
18.4984782219961 14.849601962945 2.81521447863434
18.7916162886447 14.8563320775135 359.815214478634
19.0847396718357 14.848990225755 357.315214478634
19.3772638194409 14.8288694994153 354.815214478634
19.7178105617255 14.7964697416286 354.315214478634
20.0587522282705 14.7685303787375 356.315214478634
20.4006417401281 14.75698093429 359.815214478634
20.7182231296351 14.76357905288 2.56521447863424
21.0110189463107 14.7792580291821 3.56521447863426
21.3038147629863 14.7949370054842 2.56521447863427
21.5725105586801 14.801692496074 0.315214478634257
21.86570493115 14.7981881398482 358.315214478634
22.1341625023492 14.7850124143487 356.065214478634
22.4263982165307 14.7610643890134 354.565214478634
22.7182954242031 14.7332931680534 354.565214478634
23.0593557533107 14.7068417050641 356.565214478634
23.3768472274067 14.696809855457 359.815214478634
23.6944543833999 14.7020222054122 2.06521447863422
23.9875225576655 14.7113101434631 1.5652144786342
24.2807081930984 14.715481922025 0.0652144786342214
24.5494186708782 14.7093381114816 357.315214478634
24.8176807777478 14.6926495137434 355.565214478634
25.1098092174146 14.667426601571 354.565214478634
25.4260960761447 14.6380310725774 354.815214478634
25.7186202237499 14.6179103462377 357.315214478634
26.0361871520351 14.6106494792318 0.0652144786341958
26.3049316686447 14.6150599291939 1.81521447863419
26.6224433869095 14.6244291818169 1.56521447863418
26.9156290223424 14.6286009603788 0.065214478634196
27.2087816499801 14.6225381664889 357.565214478634
27.5258186853715 14.6028152782527 355.315214478634
27.8423500219944 14.5761809570511 355.065214478634
28.1592028731026 14.5536921848585 356.815214478634
28.4766943471985 14.5436603352515 359.565214478634
28.7943015031917 14.5488726852066 2.31521447863421
29.0871629448851 14.5632739535507 3.31521447863422
29.3800243865784 14.5776752218948 2.31521447863423
29.6731890283353 14.5831262203496 359.815214478634
29.9663124115263 14.5757843685911 357.315214478634
30.2347699827255 14.5626086430915 357.065214478634
30.5278181357463 14.5527091192794 359.065214478634
30.8210191830234 14.5556015985237 2.06521447863417
31.1135846837123 14.5751118103952 5.56521447863418
31.4292300577583 14.6107414605971 7.31521447863418
31.6960413462299 14.6432192009856 6.5652144786342
31.9878745788254 14.6716548285229 4.5652144786342
32.2562387496993 14.6866127383963 1.81521447863419
32.524983266309 14.6910231883583 0.0652144786341702
32.8181843135861 14.6939156676026 1.06521447863418
33.1111058046375 14.7070389538094 4.06521447863418
33.4270500832821 14.7399127567818 7.8152144786342
33.7163986995025 14.787374308083 10.8152144786342
34.0039146681108 14.8449050681671 11.8152144786342
34.3152535875854 14.9079094438129 11.0652144786342
34.6281350812727 14.9627423266315 8.81521447863421
34.9187981478585 15.0013454648915 6.31521447863419
35.1863681748966 15.0268277706632 4.56521447863417
35.5027156906142 15.0555631744267 5.81521447863419
35.7933787572 15.0941663126868 9.31521447863421
36.1047176766747 15.1571706883326 13.5652144786342
36.4813334568667 15.2620772689772 17.5652144786342
36.8274860559084 15.3825540729793 20.8152144786342
37.1692232083156 15.5150380372564 21.5652144786342
37.4884468907874 15.6379935923746 20.5652144786342
37.7643011569409 15.7373899927394 19.0652144786342
38.0651998188302 15.8391812959211 18.3152144786342
38.3885201258501 15.9509212039835 19.8152144786342
38.6612103127606 16.0586954241073 23.3152144786342
38.9921895646864 16.2161407064139 27.5652144786342
39.3313941196457 16.4105246215072 32.0652144786342
39.6336685992409 16.6178080533377 36.8152144786342
39.9361385679692 16.8655110096577 41.8152144786342
40.2339843462999 17.15505441503 46.5652144786342
40.5207036500004 17.4885754595637 52.0652144786342
40.7622736373794 17.8264976879857 56.8152144786342
40.9632481472424 18.1618394285094 61.3152144786342
41.1372925100421 18.51191570067 65.8152144786342
41.2749475204796 18.8516028806274 70.0652144786342
41.3937114818389 19.2240810115752 74.5652144786342
41.4893405051485 19.6283118629026 78.8152144786342
41.5470544373081 19.990258522178 83.0652144786342
41.5806849868712 20.3797631084004 87.0652144786342
41.5883678820816 20.7950804140658 90.8152144786342
41.5745486521572 21.1368857049399 93.8152144786342
41.5477678808466 21.5024251315603 94.5652144786342
41.5269813009327 21.7949027181478 93.5652144786342
41.5125800325886 22.0877641598411 92.0652144786342
41.5071290341338 22.380928801598 90.0652144786342
41.5121003192699 22.6496635287933 87.8152144786342
41.5304396891183 22.966783603282 85.5652144786342
41.5564803331278 23.2342998684626 83.3152144786342
41.5891550339186 23.4764514288673 81.3152144786342
41.6349492974924 23.7413022410245 79.0652144786342
41.6968368591539 24.0279119936014 76.5652144786342
41.7655401309801 24.2877637354024 73.8152144786342
41.8613753657227 24.5906120174051 71.0652144786342
41.9729291160418 24.8880296277107 67.8152144786342
42.0918855649983 25.1560307169105 64.3152144786342
42.249497152336 25.4596429951901 60.8152144786342
42.4121941266893 25.7324637580848 57.5652144786342
42.6043990195503 26.0154462790036 54.0652144786342
42.7980348952656 26.2672529940969 50.8152144786342
43.0221685406731 26.5256827466055 47.3152144786342
43.2440589269353 26.752984595728 44.0652144786342
43.5145434140884 27.0003192361152 40.8152144786342
43.7607387567399 27.2010412513176 37.5652144786342
43.99775860808 27.3736587783283 34.5652144786342
44.2434877352918 27.533635078449 31.5652144786342
44.497252611918 27.680531667761 28.5652144786342
44.7583576860708 27.8139459129235 25.5652144786342
45.003536787681 27.9240834424501 22.8152144786342
45.2997089864339 28.0389028781569 19.5652144786342
45.5550574779815 28.1228088680562 16.8152144786342
45.8378599291854 28.2002555862154 13.8152144786342
46.1243280575114 28.2627954296275 10.8152144786342
46.4379004861422 28.3135281225658 7.56521447863419
46.7539851957947 28.3450230499989 3.81521447863422
47.1202942129121 28.3574321637637 0.0652144786341958
47.4622308640261 28.3473745989401 356.565214478634
47.8271772394839 28.3134566808705 352.815214478634
48.1651108355532 28.2603274739034 349.315214478634
48.4991706568538 28.1866670111171 345.815214478634
48.8281105255739 28.0927500757347 342.315214478634
49.1734788258275 27.9700430290508 338.565214478634
49.4879365833152 27.8353650919525 335.065214478634
49.8150581438321 27.6700539708173 331.315214478634
50.1306674473587 27.4837020197855 327.565214478634
50.4334130064043 27.2771072265208 323.815214478634
50.7032188385773 27.0668059167038 320.315214478634
50.9596828406597 26.8404256092097 316.815214478634
51.2185804408955 26.5809871488418 313.065214478634
51.4599556343452 26.3051714529268 309.315214478634
51.6685122713191 26.0340147507058 305.815214478634
51.8601261874689 25.750631732296 302.315214478634
52.0340825856369 25.4560795306039 298.815214478634
52.1897325383266 25.1514569440924 295.315214478634
52.3264954084629 24.8379003378196 291.815214478634
52.4361284390255 24.5397693720683 288.565214478634
52.5286832680497 24.2359024970153 285.315214478634
52.6038621782225 23.9272771487443 282.065214478634
52.6576245417574 23.6390327579442 279.065214478634
52.6987575367489 23.3240572813541 275.815214478634
52.7219675385515 23.0072564449498 272.565214478634
52.7271798885067 22.6896492889566 269.315214478634
52.7143778202626 22.3722574472548 266.065214478634
52.6836025137059 22.0561018611323 262.815214478634
52.6393274916333 21.7662485482634 259.815214478634
52.5799433966405 21.4791096449039 256.815214478634
52.4987486208459 21.1720121318664 253.565214478634
52.400274218932 20.8700116909763 250.315214478634
52.2848369494585 20.574079754635 247.065214478634
52.1528081347441 20.2851682349352 243.815214478634
51.9938732934823 19.9822465549281 240.815214478634
51.831176319129 19.7094257920334 237.565214478634
51.6674891851736 19.4661528121567 234.565214478634
51.4912944547165 19.2317799521244 231.565214478634
51.2879219800024 18.9877694796876 228.815214478634
51.0891324075748 18.7722284709338 225.815214478634
50.8623362615089 18.5498212267625 223.065214478634
50.6616237902057 18.3710544201681 220.315214478634
50.414554978924 18.1714085421191 217.565214478634
50.1782905675003 17.9977584673848 215.065214478634
49.8949075490905 17.806144551235 213.065214478634
49.6484827349672 17.6472419661557 212.565214478634
49.4041590032295 17.4851273934906 214.565214478634
49.1267597613658 17.284948751776 217.065214478634
48.8951219408851 17.1051735013005 218.565214478634
48.6650617555678 16.9233837004525 218.065214478634
48.4509421318377 16.7609156912621 216.315214478634
48.231282892246 16.6060193202955 214.065214478634
48.0050762347712 16.460851777812 211.315214478634
47.7936055042494 16.3384379533853 208.815214478634
47.5129818134915 16.1896030840987 207.065214478634
47.2298033364501 16.0456884417906 206.815214478634
46.9485329044604 15.8980794372601 208.565214478634
46.6732744241026 15.7395416085842 211.315214478634
46.4241139091734 15.5849639311506 212.315214478634
46.1749533942441 15.4303862537169 211.315214478634
45.9640188061479 15.3070508823797 209.315214478634
45.7265679908912 15.181113685291 206.565214478634
45.4615104258494 15.0557354265111 204.065214478634
45.2139870326813 14.9509726606486 201.815214478634
44.9183186459842 14.8348620270353 201.065214478634
44.6221464472313 14.7200425913284 201.315214478634
44.3280232323977 14.6000717255897 203.065214478634
44.0597744757644 14.4816748289864 204.565214478634
43.8155658288842 14.3694019290258 204.815214478634
43.5708696253075 14.2581956556787 204.065214478634
43.3015978880438 14.1421441495636 202.565214478634
43.0293805492026 14.0331811237483 201.065214478634
42.7539626062194 13.9325820320849 199.065214478634
42.4521871162086 13.8334204076585 197.315214478634
42.1475241284741 13.7435208079104 195.565214478634
41.8406122439609 13.6616271617912 194.315214478634
41.5329973979019 13.5824149113861 194.565214478634
41.2260855133887 13.5005212652669 195.315214478634
40.8969503650678 13.4072910012694 196.315214478634
40.6155426176495 13.3249204953005 196.315214478634
40.3093570672104 13.2403516899853 194.565214478634
40.0240240401336 13.1728218134875 192.065214478634
39.7599081609632 13.1229633172542 189.315214478634
39.4218644250685 13.0705394619244 188.315214478634
39.0840526486013 13.0166411162604 189.815214478634
38.7724417852715 12.9549958083689 192.565214478634
38.4880171421398 12.8837368233918 195.565214478634
38.1825812429898 12.7964992991225 196.315214478634
37.8763956925507 12.7119304938073 194.565214478634
37.5907707279016 12.6456462563915 191.565214478634
37.3020681533908 12.5944013148712 188.565214478634
36.9867457215607 12.5560185307756 185.315214478634
36.6456309334037 12.530278886531 183.315214478634
36.3041188799482 12.5104964364835 183.315214478634
35.9874223316759 12.4859043555925 185.565214478634
35.6964334609926 12.4498391687904 188.565214478634
35.383315692885 12.3963720066678 190.815214478634
35.1191998137146 12.3465135104345 190.565214478634
34.8542540099312 12.3012720655615 188.815214478634
34.5392785333411 12.26013907057 186.065214478634
34.2470980919423 12.2355258581708 183.565214478634
33.9785611194871 12.2240820082405 181.315214478634
33.6609205712443 12.2216414668769 179.565214478634
33.3677136991834 12.2238664920162 179.565214478634
33.0745126519062 12.2209740127718 181.565214478634
32.7572808820011 12.2046805081462 184.315214478634
32.4652106170077 12.1787926564142 185.815214478634
32.1735042358918 12.1490839409102 185.815214478634
31.8815497079007 12.1219219427129 184.815214478634
31.5890721213131 12.1011353627991 183.315214478634
31.320535148858 12.0896915128687 181.565214478634
31.002908273161 12.085865030784 179.815214478634
30.7341735459658 12.0908363159202 178.065214478634
30.4412229398666 12.1032927578988 177.065214478634
30.1484604813444 12.1195827376601 176.565214478634
29.8068246065141 12.1370972177888 177.565214478634
29.5137360484164 12.1457179876376 179.065214478634
29.2205416759464 12.1492223438634 179.565214478634
28.9517737992499 12.1518483165717 179.315214478634
28.6342415753814 12.160494757186 177.565214478634
28.3659092046602 12.1760126855192 175.815214478634
28.0738936012125 12.2025100043208 173.815214478634
27.7584846113325 12.2401748849522 172.565214478634
27.4675716389905 12.2768472598927 173.065214478634
27.1273206013189 12.3122175772312 175.065214478634
26.8103726409529 12.3333236083598 177.315214478634
26.4929807992511 12.3461256766039 178.065214478634
26.2244682938091 12.3581299132671 176.815214478634
25.932034723775 12.3795268214012 174.815214478634
25.6406666480965 12.412388121376 172.315214478634
25.3025044497495 12.464042313794 170.315214478634
24.9899831471694 12.520892200019 169.065214478634
24.7023369597665 12.5777683060142 168.565214478634
24.3905865736636 12.6387040992298 169.315214478634
24.0780652710835 12.6955539854548 170.065214478634
23.7894702686698 12.7474013107709 169.565214478634
23.4777198825668 12.8083371039865 168.315214478634
23.1916611072148 12.8727234193393 166.315214478634
22.8845635941773 12.9539181951339 164.065214478634
22.5804868134574 13.0457810579085 162.315214478634
22.2784863725673 13.1442554598225 161.565214478634
21.9769184807758 13.2440466456588 161.815214478634
21.6740701987731 13.3398818804014 163.065214478634
21.3928349637211 13.4228394787624 164.065214478634
21.1345438135743 13.4971950369438 163.815214478634
20.8536732253382 13.5813789619206 162.815214478634
20.5981343907389 13.6647034558478 161.065214478634
20.3224881563144 13.7646753219312 159.065214478634
20.3224881563144 13.7646753219312 37.8152144786342
20.3801022166448 13.8099971857199 38.5652144786342
20.4559891901551 13.8715923928057 39.5652144786341
20.4935262980248 13.9028840227394 40.0652144786341
20.5497294242935 13.949944195738 39.8152144786342
20.6250759954993 14.0121992878354 39.3152144786342
20.7763109798634 14.1360507659954 39.3152144786342
21.0031634564096 14.3218279832354 39.3152144786342
21.1922071868648 14.4766423309354 39.3152144786342
21.38125091732 14.6314566786355 39.3152144786342
21.5138176402862 14.7395377637444 39.0652144786342
21.703535074062 14.8935257814591 39.0652144786342
21.8739780035899 15.0324871765992 39.3152144786342
22.0252129879541 15.1563386547592 39.3152144786342
22.1764479723182 15.2801901329192 39.3152144786342
22.3276829566823 15.4040416110793 39.3152144786342
22.4789179410465 15.5278930892393 39.3152144786342
22.6301529254106 15.6517445673993 39.3152144786342
22.8191966558658 15.8065589150993 39.3152144786342
22.97043164023 15.9304103932593 39.3152144786342
23.1216666245941 16.0542618714194 39.3152144786342
23.2915016000825 16.193965638964 39.5652144786341
23.4427365844467 16.3178171171241 39.0652144786342
23.746284478488 16.5641979454676 39.0652144786342
23.7840932245791 16.5951608150076 39.5652144786342
23.9683209833038 16.755676070337 42.5652144786343
24.178118666334 16.9605178452653 46.0652144786341
24.4078365893439 17.213996648784 49.5652144786341
24.636299301462 17.5005992853692 53.3152144786341
24.8309663327638 17.7818937483602 57.3152144786342
25.0186936108637 18.0966869363156 61.0652144786342
25.1882724583239 18.4216166158157 63.8152144786342
25.3392232714262 18.7285949212527 63.8152144786342
25.4955086041425 19.0328920174647 61.8152144786342
25.6281065838592 19.266688602238 59.0652144786342
25.7990592153244 19.5344135953284 55.8152144786342
25.9998163275153 19.8113944789468 52.3152144786342
26.2010516923791 20.0571703973324 49.0652144786343
26.4158971264099 20.2911424332818 45.8152144786342
26.6617015126568 20.5290542482197 42.3152144786342
26.9025582004969 20.7361521237588 39.0652144786342
27.1547684672973 20.9292620806503 35.8152144786342
27.4381514857071 21.1208759968 32.3152144786342
27.7327036873991 21.2948323949681 28.8152144786342
28.0594480839854 21.4608877514774 25.0652144786342
28.3963534356783 21.6052174647267 21.3152144786342
28.7186863293774 21.7197745842123 17.8152144786342
29.092426918609 21.8345038678018 16.3152144786342
29.4430425436701 21.9412979012913 17.5652144786343
29.7434941942826 22.0444011494184 20.3152144786342
30.0605233871197 22.1729091992609 23.8152144786342
30.3266649774077 22.2959696497704 25.8152144786342
30.6129155470167 22.4336725383699 25.5652144786342
30.8801208948382 22.5544058090793 23.0652144786342
31.1752798403797 22.6718054300199 20.3152144786342
31.4528267989699 22.7663723710612 17.3152144786341
31.7345912755828 22.847514223885 14.8152144786342
32.0422061216418 22.9267264742901 14.0652144786342
32.3725334186068 23.0156405050449 16.0652144786342
32.6751627553673 23.1121648991744 19.3152144786342
33.0168999077744 23.2446488634515 23.0652144786342
33.3304565140473 23.3814117335879 24.0652144786343
33.599219319424 23.4986370508476 23.0652144786341
33.8480928088985 23.6001508603188 21.3152144786341
34.1462237746499 23.7097838908814 19.0652144786342
34.4249847981315 23.8007097527034 17.0652144786342
34.7056630212607 23.8855328369531 16.5652144786341
35.0326860368384 23.9859209600939 17.5652144786342
35.3326849560079 24.0903341902291 20.8152144786342
35.693050571753 24.241930560703 24.8152144786342
35.9786975761706 24.3808811382383 27.0652144786342
36.2606093944084 24.5272614677501 27.8152144786342
36.5211298554144 24.6618137250995 26.8152144786342
36.7845235616308 24.7906507387494 25.3152144786342
37.0506651519187 24.9137111892589 24.3152144786342
37.3168067422067 25.0367716397684 25.3152144786342
37.5784914584419 25.1690453327292 28.3152144786342
37.8316129641574 25.3170477783338 32.3152144786342
38.0943655355224 25.4955486477189 36.0652144786342
38.3636919360311 25.7064636020826 40.0652144786342
38.6384518117568 25.9490399670013 42.8152144786342
38.9045785181423 26.2010575423295 44.0652144786342
39.1333068732172 26.4214771732948 43.8152144786342
39.3629948099853 26.6408966934688 43.5652144786342
39.5557185489052 26.8282483087097 44.8152144786342
39.7417864086522 27.0222117558995 47.5652144786341
39.9165586814754 27.2264119516115 51.3152144786343
40.1057704323736 27.4815597273263 55.5652144786342
40.3016737060327 27.7913309162635 59.8152144786342
40.4726687079119 28.1155175777076 64.5652144786342
40.62658635031 28.4748978719793 69.0652144786342
40.7432472001697 28.8223551042194 73.8152144786342
40.8373956434375 29.2018032656096 78.3152144786341
40.9075997705967 29.6359871284963 83.3152144786342
40.9075997705967 29.6359871284963 37.8152144786342
40.9658021398583 29.680550964702 37.0652144786342
41.0443036309828 29.7387774035056 36.0652144786343
41.0839320941062 29.767374352322 35.5652144786342
41.1434682305501 29.8101399897236 35.8152144786342
41.2224748476635 29.8676791653938 36.3152144786342
41.3993886004857 29.9983029979347 36.5652144786341
41.6149178540462 30.1588962983438 36.8152144786342
41.8105345637607 30.3053173253811 36.8152144786343
41.9868766803102 30.4367118438976 36.5652144786342
42.1637904331325 30.5673356764386 36.3152144786342
42.3213000407483 30.6831023929281 36.3152144786342
42.4982137935705 30.813726225469 36.5652144786342
42.6751275463928 30.94435005801 36.3152144786342
42.8326371540086 31.0601167744995 36.3152144786342
43.0101191749208 31.1899674341754 36.0652144786343
43.1481607467413 31.2909623917011 36.3152144786342
43.3250744995636 31.421586224242 36.5652144786341
43.4820774818125 31.5380391018492 36.5652144786342
43.6589912346348 31.6686629343902 36.3152144786342
43.8364732555469 31.7985135940661 36.0652144786342
44.0339897983304 31.9423615332417 36.0652144786343
44.172031370151 32.0433564907674 36.3152144786342
44.3295409777668 32.1591232072569 36.3152144786342
44.4870505853826 32.2748899237464 36.3152144786342
44.6250921572031 32.3758848812721 36.0652144786342
44.8621120085433 32.5485024082828 36.0652144786342
45.0395940294555 32.6783530679587 36.3152144786342
45.1971036370713 32.7941197844482 36.3152144786342
45.354613244687 32.9098865009378 36.3152144786342
45.5320952655992 33.0397371606137 36.0652144786342
45.7095772865114 33.1695878202896 36.3152144786342
45.847618858332 33.2705827778153 36.0652144786343
46.0056320925587 33.3856611291558 36.0652144786342
46.1631417001745 33.5014278456453 36.5652144786341
46.3201446824234 33.6178807232524 36.5652144786342
46.5163984102346 33.7634468202614 36.5652144786341
46.653997995763 33.8650431344599 36.3152144786342
46.8115076033788 33.9808098509494 36.3152144786342
46.9690172109946 34.0965765674389 36.3152144786342
47.1459309638169 34.2272003999799 36.5652144786342
47.3029339460658 34.343653277587 36.5652144786341
47.479847698888 34.474277110128 36.3152144786342
47.6373573065038 34.5900438266175 36.3152144786343
47.7948669141196 34.705810543107 36.3152144786342
47.932466499648 34.8074068573055 36.5652144786342
48.1093802524703 34.9380306898465 36.3152144786342
48.2868622733825 35.0678813495224 36.0652144786342
48.4448755076092 35.1829597008629 36.0652144786343
48.6223575285214 35.3128103605388 36.3152144786342
48.7798671361372 35.4285770770283 36.3152144786343
48.937376743753 35.5443437935178 36.3152144786342
49.0948863513688 35.6601105100073 36.3152144786342
49.2523959589846 35.7758772264968 36.3152144786342
49.4099055666003 35.8916439429864 36.3152144786342
49.5674151742161 36.0074106594759 36.3152144786343
49.7249247818319 36.1231773759654 36.3152144786342
49.8824343894477 36.2389440924549 36.3152144786342
50.0399439970635 36.3547108089444 36.3152144786342
50.2368310065832 36.4994192045563 36.3152144786342
50.4143130274954 36.6292698642322 36.0652144786342
50.5723262617222 36.7443482155727 36.0652144786343
50.7103678335428 36.8453431730984 36.3152144786343
50.8678774411585 36.9611098895879 36.3152144786342
51.0253870487743 37.0768766060775 36.3152144786342
51.2023008015966 37.2075004386184 36.5652144786342
51.3598104092124 37.3232671551079 36.0652144786342
51.5178236434392 37.4383455064484 36.0652144786343
51.6558652152597 37.5393404639741 36.3152144786342
51.832778968082 37.669964296515 36.5652144786341
52.0682834414554 37.8446436129258 36.5652144786341
52.2257930490712 37.9604103294153 36.0652144786342
52.3838062832979 38.0754886807558 36.0652144786343
52.5413158909137 38.1912553972453 36.5652144786342
52.6983188731626 38.3077082748525 36.5652144786342
52.8553218554116 38.4241611524596 36.5652144786341
53.0322356082338 38.5547849850006 36.3152144786343
53.2091493610561 38.6854088175415 36.5652144786341
53.366152343305 38.8018616951487 36.5652144786342
53.5037519288334 38.9034580093472 36.3152144786342
53.837922350831 39.1501919152578 36.5652144786342
53.8771730963933 39.1793051346596 36.5652144786342
54.0315983100471 39.2991553016433 39.0652144786342
54.2535099693029 39.4908071632229 42.5652144786343
54.5140756103065 39.7485702886973 46.8152144786342
54.7715146054554 40.0427980921573 50.8152144786342
55.0064409127315 40.3552952388671 55.315214478634
55.2299943538783 40.7053971529085 59.565214478634
55.4161501792606 41.0491861073972 63.5652144786342
55.5757270642828 41.3791429225905 64.8152144786341
55.7199452587381 41.6893411501376 65.3152144786342
55.8557444971724 41.9764997142982 64.0652144786342
55.9780182091978 42.215857619169 61.8152144786343
56.1232266405893 42.4705922497425 58.8152144786343
56.2815678493514 42.7173781532467 55.8152144786343
56.4674236088248 42.9749807751292 52.5652144786342
56.6516905010685 43.2030617541332 49.5652144786342
56.8644859891662 43.438899737451 46.3152144786342
57.072488124723 43.6455645195606 43.3152144786344
57.3096937726267 43.8568343818995 40.0652144786343
57.5584953931272 44.054316603293 36.8152144786343
57.818092676281 44.237375950799 33.5652144786342
58.1087799436984 44.4177165744717 30.0652144786343
58.40993455246 44.5799747933912 26.5652144786342
58.697963073409 44.7139189804619 23.3152144786342
58.9931220189505 44.8313186014025 20.0652144786343
59.2940206808397 44.9331099045842 17.3152144786341
59.5974808179542 45.0269897177105 17.0652144786341
59.8996861081164 45.1248336583922 18.8152144786342
60.1968490054211 45.2370641649207 22.5652144786341
60.4860354278299 45.3684897606946 26.3152144786342
60.7653496205273 45.5197678354045 30.5652144786342
61.0763779781039 45.713668951722 33.3152144786342
61.3406782388293 45.8898701046996 34.0652144786343
61.6248946304164 46.0802457090676 33.5652144786342
61.8914786497289 46.2529721829427 32.3152144786342
62.1195661119517 46.3951663349089 31.5652144786341
62.3883882120521 46.5643885338893 32.8152144786343
62.6107173108994 46.7154277310613 35.5652144786343
62.8431373413746 46.8941905627532 39.5652144786342
63.0812625670035 47.1044234123494 43.3152144786342
63.3407010273714 47.3633210125852 46.5652144786342
63.5726221952036 47.6147855227981 48.0652144786342
63.8012319250475 47.8692642437277 48.065214478634
64.0160773590783 48.103236279677 46.8152144786342
64.2359757387793 48.3324658081741 45.5652144786343
64.4588558010737 48.5587973171643 45.3152144786342
64.6623000692925 48.7699504613264 46.815214478634
64.8730294062567 49.0076364320373 50.0652144786341
65.0688553091493 49.2577437887593 53.8152144786342
65.2741271632718 49.561387902865 58.0652144786342
65.4604791143035 49.8769972063917 60.8152144786342
65.6259843350009 50.1763796539519 61.315214478634
65.7814839421569 50.4533658382725 60.0652144786343
65.9453697691201 50.7254741068914 57.8152144786342
66.1058585346816 50.9708688433654 55.8152144786343
66.284907355511 51.2332483278716 55.5652144786343
66.284907355511 51.2332483278716 37.8152144786342
66.3431097247726 51.2778121640773 37.0652144786341
66.4018904302891 51.3216103369161 36.3152144786342
66.4808970474025 51.3791495125864 35.8152144786341
66.5205255105259 51.4077464614027 35.8152144786343
66.6194404605261 51.4794548028702 36.0652144786342
66.7769500681419 51.5952215193598 36.565214478634
66.9924793217024 51.7558148197688 36.8152144786341
67.1880960314168 51.9022358468062 36.8152144786341
67.3644381479663 52.0336303653226 36.5652144786342
67.5020377334948 52.1352266795211 36.3152144786342
67.6989247430145 52.279935075133 36.3152144786342
67.8758384958368 52.410558907674 36.5652144786342
68.0134380813652 52.5121552218725 36.3152144786342
68.1909201022773 52.6420058815484 36.0652144786342
68.3684021231895 52.7718565412243 36.3152144786342
68.5259117308053 52.8876232577138 36.3152144786342
68.6635113163337 52.9892195719123 36.5652144786342
68.840425069156 53.1198434044533 36.3152144786342
69.0179070900681 53.2496940641292 36.0652144786344
69.2549269414083 53.4223115911399 36.0652144786344
69.4129401756351 53.5373899424804 36.0652144786342
69.5704497832508 53.6531566589699 36.5652144786342
69.7274527654998 53.7696095365771 36.565214478634
69.8650523510282 53.8712058507756 36.3152144786342
70.0619393605479 54.0159142463875 36.3152144786342
70.2394213814601 54.1457649060634 36.0652144786342
70.3774629532807 54.2467598635891 36.3152144786342
70.5349725608964 54.3625265800786 36.3152144786342
70.7118863137187 54.4931504126195 36.5652144786342
70.8888000665409 54.6237742451605 36.3152144786342
71.0463096741567 54.73954096165 36.3152144786342
71.2038192817725 54.8553076781395 36.3152144786342
71.3414188673009 54.956903992338 36.5652144786342
71.4984218495499 55.0733568699452 36.5652144786342
71.6753356023721 55.2039807024861 36.3152144786342
71.8528176232843 55.333831362162 36.0652144786342
72.010830857511 55.4489097135025 36.0652144786342
72.1883128784232 55.5787603731784 36.3152144786342
72.3259124639516 55.6803566873769 36.5652144786342
72.4829154462006 55.7968095649841 36.5652144786342
72.6598291990228 55.927433397525 36.3152144786344
72.8173388066386 56.0432001140146 36.3152144786342
72.9948208275508 56.1730507736905 36.0652144786342
73.1528340617775 56.2881291250309 36.0652144786342
73.3103436693933 56.4038958415205 36.5652144786342
73.4673466516423 56.5203487191276 36.5652144786342
73.624856259258 56.6361154356171 36.0652144786342
73.7828694934848 56.7511937869576 36.0652144786344
73.960351514397 56.8810444466335 36.3152144786342
74.1178611220128 56.996811163123 36.3152144786342
74.2753707296285 57.1125778796125 36.3152144786342
74.4328803372444 57.2283445961021 36.3152144786342
74.5903899448601 57.3441113125916 36.3152144786342
74.7478995524759 57.4598780290811 36.3152144786342
74.9054091600917 57.5756447455706 36.3152144786342
75.082322912914 57.7062685781116 36.5652144786342
75.2199224984424 57.8078648923101 36.3152144786342
75.3774321060582 57.9236316087996 36.3152144786342
75.5743191155779 58.0683400044115 36.3152144786342
75.7318287231937 58.184106720901 36.3152144786342
75.8893383308095 58.2998734373905 36.3152144786342
76.0468479384253 58.4156401538801 36.3152144786342
76.2630758585414 58.5752915047635 36.5652144786342
76.4200788407903 58.6917443823706 36.5652144786342
76.5969925936125 58.8223682149115 36.3152144786342
76.7545022012283 58.9381349314011 36.3152144786342
76.9120118088441 59.0539016478906 36.3152144786342
77.0695214164599 59.1696683643801 36.3152144786342
77.2464351692821 59.300292196921 36.5652144786342
77.4034381515311 59.4167450745282 36.5652144786342
77.5609477591468 59.5325117910177 36.0652144786342
77.738429780059 59.6623624506936 36.3152144786342
77.8959393876748 59.7781291671831 36.3152144786342
78.0534489952906 59.8938958836727 36.3152144786342
78.191048580819 59.9954921978712 36.5652144786342
78.3873023086301 60.1410582948801 36.5652144786342
78.5249018941586 60.2426546090787 36.3152144786342
78.7217889036783 60.3873630046906 36.3152144786342
78.8792985112941 60.5031297211801 36.3152144786342
79.0368081189099 60.6188964376696 36.3152144786342
79.2137218717322 60.7495202702105 36.5652144786342
79.3513214572606 60.851116584409 36.3152144786342
79.5088310648764 60.9668833008985 36.3152144786342
79.6663406724921 61.0826500173881 36.3152144786342
79.8632276820119 61.227358413 36.3152144786342
80.0008272675403 61.3289547271985 36.5652144786342
80.1578302497892 61.4454076048057 36.565214478634
80.3347440026115 61.5760314373466 36.3152144786342
80.4922536102272 61.6917981538361 36.3152144786342
80.649763217843 61.8075648703256 36.3152144786342
80.8072728254588 61.9233315868152 36.3152144786342
80.9647824330746 62.0390983033047 36.3152144786342
81.1416961858969 62.1697221358456 36.5652144786342
81.2986991681458 62.2861750134528 36.5652144786342
81.4756129209681 62.4167988459937 36.3152144786342
81.6136544927886 62.5177938035194 36.0652144786342
81.7911365137008 62.6476444631953 36.3152144786342
81.968050266523 62.7782682957363 36.565214478634
82.125053248772 62.8947211733434 36.5652144786342
82.2626528343004 62.9963174875419 36.3152144786342
82.4401348552125 63.1261681472178 36.0652144786342
82.5981480894393 63.2412464985583 36.0652144786342
82.7756301103515 63.3710971582342 36.3152144786342
82.9331397179673 63.4868638747237 36.3152144786342
83.0906493255831 63.6026305912133 36.3152144786344
83.2681313464952 63.7324812508892 36.0652144786342
83.426144580722 63.8475596022296 36.0652144786342
83.6036266016342 63.9774102619056 36.3152144786342
83.76113620925 64.0931769783951 36.3152144786342
83.9186458168658 64.2089436948846 36.3152144786342
84.0761554244815 64.3247104113741 36.3152144786342
84.2536374453937 64.45456107105 36.0652144786342
84.4116506796205 64.5696394223905 36.0652144786342
84.5496922514411 64.6706343799162 36.3152144786342
84.7266060042633 64.8012582124571 36.5652144786342
84.8836089865122 64.9177110900643 36.5652144786342
85.041118594128 65.0334778065538 36.0652144786342
85.1991318283548 65.1485561578943 36.0652144786342
85.3766138492669 65.2784068175702 36.3152144786342
85.5142134347954 65.3800031317687 36.5652144786342
85.7304413549115 65.5396544826521 36.3152144786342
85.9073551077337 65.670278315193 36.5652144786342
86.0842688605559 65.800902147734 36.3152144786342
86.2417784681718 65.9166688642235 36.3152144786342
86.3992880757875 66.032435580713 36.3152144786342
86.5567976834033 66.1482022972025 36.3152144786342
86.7143072910191 66.2639690136921 36.3152144786342
86.8718168986349 66.3797357301816 36.3152144786342
87.0492989195471 66.5095863898575 36.0652144786342
87.1873404913676 66.6105813473832 36.3152144786342
87.3642542441899 66.7412051799241 36.5652144786342
87.5212572264388 66.8576580575313 36.5652144786342
87.6981709792611 66.9882818900722 36.3152144786342
87.8756530001733 67.1181325497482 36.0652144786344
88.0336662344 67.2332109010886 36.0652144786342
88.1916794686268 67.3482892524291 36.0652144786342
88.3496927028535 67.4633676037695 36.0652144786342
88.5077059370803 67.57844595511 36.0652144786342
88.6657191713071 67.6935243064505 36.0652144786342
88.8432011922192 67.8233749661264 36.3152144786342
89.000710799835 67.9391416826159 36.3152144786342
89.1582204074508 68.0549083991055 36.3152144786342
89.3157300150666 68.170675115595 36.3152144786342
89.4732396226824 68.2864418320845 36.3152144786342
89.6307492302982 68.402208548574 36.3152144786342
89.8076629831204 68.5328323811149 36.5652144786342
89.9845767359427 68.6634562136559 36.3152144786342
90.1027089416546 68.750281251023 36.3152144786342
90.2602185492703 68.8660479675125 36.3152144786342
90.4371323020926 68.9966718000535 36.5652144786342
90.5946419097084 69.112438516543 36.0652144786344
90.7721239306205 69.2422891762189 36.3152144786342
90.9296335382363 69.3580558927085 36.3152144786342
91.0871431458521 69.473822609198 36.3152144786342
91.2446527534679 69.5895893256875 36.3152144786342
91.4021623610837 69.705356042177 36.3152144786342
91.5990493706034 69.8500644377889 36.3152144786342
91.7171815763153 69.9368894751561 36.3152144786344
91.8746911839311 70.0526561916456 36.3152144786342
BlueCove stack shutdown completed
