0, -31.0
1.0818843977775334, -30.98111563759197
2.1624506860678823, -30.92448555805455
3.2403823612972573, -30.830178756416473
4.314366129762029, -30.69831013098868
5.383093507674843, -30.529040343378448
6.445262415350543, -30.322575622747973
7.499578763589698, -30.07916751455589
8.544758030326975, -29.799112574087886
9.579526825623372, -29.48275200514976
10.602624443095733, -29.130471244363157
11.61280439589327, -28.74269949157041
12.608835935349806, -28.319909186920626
14.027876697250479, -28.761409481573345
15.023090009148508, -28.25432297148566
16.000000000000004, -27.712812921102035
16.957416455462557, -27.13753907700563
17.894172911063897, -26.529202321761336
18.80912807335914, -25.88854381999832
20.316828685746724, -26.004354869021828
21.2119911196558, -25.279466622926275
22.081310009842323, -24.52377924075401
23.618384595605907, -24.45755321151414
24.457553211514142, -23.618384595605907
25.266924066231404, -22.750440616201182
26.81155550916423, -22.497566339028875
26.792365622628544, -20.932490161072383
29.12461179749811, -21.160269082529034
19.896901741321, -13.420629683297925
20.353154307754224, -12.718062341596918
19.91858428704209, -11.499999999999998
20.30779463575532, -10.797845944075489
20.67226306488084, -10.08253637614878
21.01154552577982, -9.354942790743404
21.32522865503611, -8.615951648565977
21.612930278075893, -7.86646329649038
21.87429987478853, -7.1073908706237905
22.109019006581335, -6.339659183790981
22.31680170434792, -5.564203598792358
22.49739481687753, -4.781968888808465
21.665770566268577, -3.820259908672467
20.795629443572977, -2.9226351201613743
19.890437907365467, -2.0905692653530696
19.951281005196485, -1.395129474882506
19.987816540381914, -0.6979899340500194
20.0, 0.0
19.987816540381914, 0.6979899340500194
19.951281005196485, 1.395129474882506
19.890437907365467, 2.0905692653530696
20.795629443572977, 2.9226351201613743
20.680962813256368, 3.646611731005537
20.54109961540992, 4.366145507172946
20.376210251795925, 5.080359807593022
21.147757310643016, 6.064021827973981
20.923243358493377, 6.798373876248843
20.673237657289985, 7.524443153164712
20.39804480046932, 8.241345055150065
21.01154552577982, 9.354942790743404
20.67226306488084, 10.08253637614878
20.30779463575532, 10.797845944075489
19.91858428704209, 11.499999999999998
19.5051062115978, 12.188143077363712
19.067864168765958, 12.861436779827178
18.607390870623792, 13.519060802726882
18.124247332954603, 14.16021393249014
18.385066634855473, 15.426902632476942
17.835475811457464, 16.059134552612598
17.26415520812763, 16.671800891015934
16.671800891015934, 17.264155208127626
16.059134552612598, 17.835475811457464
15.426902632476946, 18.385066634855473
15.391536883141457, 19.70026884016805
14.106846055019355, 19.41640786499874
13.420629683297923, 19.896901741321003
12.718062341596918, 20.353154307754224
12.000000000000004, 20.784609690826528
12.675732195219053, 23.839585007191026
12.274392110094169, 25.166233296376678
12.202099292274006, 27.406363729278027
11.61280439589327, 28.74269949157041
10.602624443095733, 29.130471244363157
9.579526825623372, 29.48275200514976
8.269120674509974, 28.837850878149567
7.25765686799003, 29.108871788279895
6.237350724532783, 29.344428022014167
5.383093507674843, 30.529040343378448
4.453539230722095, 31.68857819973025
3.3449108245649106, 31.824700651784745
2.3019636335561326, 32.9196136585742
1.1516833911825357, 32.97989729163016
2.0206672185931327e-15, 33.0
