TETA2: 20 graus
x,y,headinng,sonar_ang,read,expected
50.0
50.0
50.0
50.0
50.0
50.0
50.0
50.0
50.0
50.0
50.0
50.0
50.0
50.0
50.0
50.0
50.0
50.0
50.0
50.0
50.0
50.00761795043945
50.03047561645508
50.06861877441406
50.122093200683594
50.19099426269531
50.275413513183594
50.375492095947266
50.49137878417969
50.62325668334961
50.771331787109375
50.93583297729492
51.11703109741211
51.31520462036133
51.53068161010742
51.76380920410156
52.01497268676758
52.28458786010742
52.57311248779297
52.88103485107422
53.20888900756836
53.5572509765625
53.926734924316406
54.318016052246094
54.7318115234375
55.16889572143555
54.7318115234375
54.318016052246094
53.926734924316406
53.5572509765625
53.20888900756836
52.88103485107422
52.57311248779297
52.28458786010742
52.01497268676758
51.76380920410156
51.53068161010742
51.31520462036133
51.11703109741211
50.93583297729492
50.771331787109375
50.62325668334961
50.49137878417969
50.375492095947266
50.275413513183594
50.19099426269531
50.122093200683594
50.06861877441406
50.03047561645508
50.00761795043945
50.0
50.0
50.0
50.0
50.0
50.0
50.0
50.0
50.0
50.0
50.0
50.0
50.0
50.0
50.0
50.0
50.0
50.0
50.0
50.0
50.0
50.0
50.0
50.0
50.0
50.0
50.0
50.0
50.0
50.0
50.0
50.0
50.0
50.0
50.0
50.0
50.0
50.0
50.0
50.0
50.0
50.00761795043945
50.03047561645508
50.06861877441406
50.122093200683594
50.19099426269531
50.275413513183594
50.375492095947266
50.49137878417969
50.62325668334961
50.771331787109375
50.93583297729492
51.11703109741211
51.31520462036133
51.53068161010742
51.76380920410156
52.01496887207031
52.28458786010742
52.57311248779297
52.88103103637695
53.20888900756836
53.557247161865234
53.926734924316406
54.318016052246094
54.7318115234375
55.16889190673828
55.630096435546875
56.11630630493164
56.62850570678711
57.167701721191406
57.73502731323242
58.331668853759766
58.95891571044922
59.6181640625
60.31089782714844
61.03873062133789
61.80339813232422
62.60678482055664
63.45090866088867
64.33798217773438
65.2703628540039
66.25064849853516
67.28163146972656
68.36637115478516
69.50818634033203
70.71067810058594
71.97782135009766
73.31396484375
74.72382354736328
76.21265411376953
77.78619384765625
79.45079040527344
81.21346282958984
83.08200073242188
85.0650863647461
86.15813446044922
85.81344604492188
85.49745178222656
85.20962524414062
84.94952392578125
84.71673583984375
84.51089477539062
84.3316650390625
84.17879486083984
84.05203247070312
83.951171875
83.87609100341797
83.82664489746094
83.80277252197266
83.80277252197266
83.80277252197266


Teta2 25
x,y,headinng,sonar_ang,read,expected
0
50.0
50.0
50.0
50.0
50.0
50.0
50.0
50.0
50.0
50.0
50.0
50.0
50.0
50.0
50.0
50.0
50.0
50.0
50.0
50.0
50.0
50.0
50.0
50.0
50.0
50.00761795043945
50.03047561645508
50.06861877441406
50.122093200683594
50.19099426269531
50.275413513183594
50.375492095947266
50.49137878417969
50.62325668334961
50.771331787109375
50.93583297729492
51.11703109741211
51.31520462036133
51.53068161010742
51.76380920410156
52.01497268676758
52.28458786010742
52.57311248779297
52.88103485107422
53.20888900756836
52.88103485107422
52.57311248779297
52.28458786010742
52.01497268676758
51.76380920410156
51.53068161010742
51.31520462036133
51.11703109741211
50.93583297729492
50.771331787109375
50.62325668334961
50.49137878417969
50.375492095947266
50.275413513183594
50.19099426269531
50.122093200683594
50.06861877441406
50.03047561645508
50.00761795043945
50.0
50.0
50.0
50.0
50.0
50.0
50.0
50.0
50.0
50.0
50.0
50.0
50.0
50.0
50.0
50.0
50.0
50.0
50.0
50.0
50.0
50.0
50.0
50.0
50.0
50.0
50.0
50.0
50.0
50.0
50.0
50.0
50.0
50.0
50.0
50.0
50.0
50.0
50.0
50.0
50.0
50.0
50.0
50.0
50.0
50.0
50.0
50.0
50.0
50.0
50.0
50.00761795043945
50.03047561645508
50.06861877441406
50.122093200683594
50.19099426269531
50.275413513183594
50.375492095947266
50.49137878417969
50.62325668334961
50.771331787109375
50.93583297729492
51.11703109741211
51.31520462036133
51.53068161010742
51.76380920410156
52.01496887207031
52.28458786010742
52.57311248779297
52.88103103637695
53.20888900756836
53.557247161865234
53.926734924316406
54.318016052246094
54.7318115234375
55.16889190673828
55.630096435546875
56.11630630493164
56.62850570678711
57.167701721191406
57.73502731323242
58.331668853759766
58.95891571044922
59.6181640625
60.31089782714844
61.03873062133789
61.80339813232422
62.60678482055664
63.45090866088867
64.33798217773438
65.2703628540039
66.25064849853516
67.28163146972656
68.36637115478516
69.50818634033203
70.71067810058594
71.97782135009766
73.31396484375
74.72382354736328
76.21265411376953
77.78619384765625
79.45079040527344
81.21346282958984
83.08200073242188
84.05203247070312
83.951171875
83.87609100341797
83.82664489746094
83.80277252197266
83.80277252197266
83.80277252197266
83.80277252197266
83.80277252197266
83.80277252197266
83.80277252197266
83.80277252197266

Teta2 30
x,y,headinng,sonar_ang,read,expected
50.0
50.0
50.0
50.0
50.0
50.0
50.0
50.0
50.0
50.0
50.0
50.0
50.0
50.0
50.0
50.0
50.0
50.0
50.0
50.0
50.0
50.0
50.0
50.0
50.0
50.0
50.0
50.0
50.0
50.0
50.0
50.00761795043945
50.03047561645508
50.06861877441406
50.122093200683594
50.19099426269531
50.275413513183594
50.375492095947266
50.49137878417969
50.62325668334961
50.771331787109375
50.93583297729492
51.11703109741211
51.31520462036133
51.53068161010742
51.76380920410156
51.53068161010742
51.31520462036133
51.11703109741211
50.93583297729492
50.771331787109375
50.62325668334961
50.49137878417969
50.375492095947266
50.275413513183594
50.19099426269531
50.122093200683594
50.06861877441406
50.03047561645508
50.00761795043945
50.0
50.0
50.0
50.0
50.0
50.0
50.0
50.0
50.0
50.0
50.0
50.0
50.0
50.0
50.0
50.0
50.0
50.0
50.0
50.0
50.0
50.0
50.0
50.0
50.0
50.0
50.0
50.0
50.0
50.0
50.0
50.0
50.0
50.0
50.0
50.0
50.0
50.0
50.0
50.0
50.0
50.0
50.0
50.0
50.0
50.0
50.0
50.0
50.0
50.0
50.0
50.0
50.0
50.0
50.0
50.0
50.0
50.0
50.0
50.0
50.0
50.00761795043945
50.03047561645508
50.06861877441406
50.122093200683594
50.19099426269531
50.275413513183594
50.375492095947266
50.49137878417969
50.62325668334961
50.771331787109375
50.93583297729492
51.11703109741211
51.31520462036133
51.53068161010742
51.76380920410156
52.01496887207031
52.28458786010742
52.57311248779297
52.88103103637695
53.20888900756836
53.557247161865234
53.926734924316406
54.318016052246094
54.7318115234375
55.16889190673828
55.630096435546875
56.11630630493164
56.62850570678711
57.167701721191406
57.73502731323242
58.331668853759766
58.95891571044922
59.6181640625
60.31089782714844
61.03873062133789
61.80339813232422
62.60678482055664
63.45090866088867
64.33798217773438
65.2703628540039
66.25064849853516
67.28163146972656
68.36637115478516
69.50818634033203
70.71067810058594
71.97782135009766
73.31396484375
74.72382354736328
76.21265411376953
77.78619384765625
79.45079040527344
81.21346282958984
83.08200073242188
83.80277252197266
83.80277252197266
83.80277252197266
83.80277252197266
83.80277252197266
83.80277252197266
83.80277252197266

Teta2 35
x,y,headinng,sonar_ang,read,expected
50.0
50.0
50.0
50.0
50.0
50.0
50.0
50.0
50.0
50.0
50.0
50.0
50.0
50.0
50.0
50.0
50.0
50.0
50.0
50.0
50.0
50.0
50.0
50.0
50.0
50.0
50.0
50.0
50.0
50.0
50.0
50.0
50.0
50.0
50.0
50.0
50.00761795043945
50.03047561645508
50.06861877441406
50.122093200683594
50.19099426269531
50.275413513183594
50.375492095947266
50.49137878417969
50.62325668334961
50.771331787109375
50.62325668334961
50.49137878417969
50.375492095947266
50.275413513183594
50.19099426269531
50.122093200683594
50.06861877441406
50.03047561645508
50.00761795043945
50.0
50.0
50.0
50.0
50.0
50.0
50.0
50.0
50.0
50.0
50.0
50.0
50.0
50.0
50.0
50.0
50.0
50.0
50.0
50.0
50.0
50.0
50.0
50.0
50.0
50.0
50.0
50.0
50.0
50.0
50.0
50.0
50.0
50.0
50.0
50.0
50.0
50.0
50.0
50.0
50.0
50.0
50.0
50.0
50.0
50.0
50.0
50.0
50.0
50.0
50.0
50.0
50.0
50.0
50.0
50.0
50.0
50.0
50.0
50.0
50.0
50.0
50.0
50.0
50.0
50.0
50.0
50.0
50.0
50.0
50.0
50.00761795043945
50.03047561645508
50.06861877441406
50.122093200683594
50.19099426269531
50.275413513183594
50.375492095947266
50.49137878417969
50.62325668334961
50.771331787109375
50.93583297729492
51.11703109741211
51.31520462036133
51.53068161010742
51.76380920410156
52.01496887207031
52.28458786010742
52.57311248779297
52.88103103637695
53.20888900756836
53.557247161865234
53.926734924316406
54.318016052246094
54.7318115234375
55.16889190673828
55.630096435546875
56.11630630493164
56.62850570678711
57.167701721191406
57.73502731323242
58.331668853759766
58.95891571044922
59.6181640625
60.31089782714844
61.03873062133789
61.80339813232422
62.60678482055664
63.45090866088867
64.33798217773438
65.2703628540039
66.25064849853516
67.28163146972656
68.36637115478516
69.50818634033203
70.71067810058594
71.97782135009766
73.31396484375
74.72382354736328
76.21265411376953
77.78619384765625
79.45079040527344
81.21346282958984
83.08200073242188
83.80277252197266
83.80277252197266

Teta2 40
x,y,headinng,sonar_ang,read,expected
50.0
50.0
50.0
50.0
50.0
50.0
50.0
50.0
50.0
50.0
50.0
50.0
50.0
50.0
50.0
50.0
50.0
50.0
50.0
50.0
50.0
50.0
50.0
50.0
50.0
50.0
50.0
50.0
50.0
50.0
50.0
50.0
50.0
50.0
50.0
50.0
50.0
50.0
50.0
50.0
50.0
50.00761795043945
50.03047561645508
50.06861877441406
50.122093200683594
50.19099426269531
50.122093200683594
50.06861877441406
50.03047561645508
50.00761795043945
50.0
50.0
50.0
50.0
50.0
50.0
50.0
50.0
50.0
50.0
50.0
50.0
50.0
50.0
50.0
50.0
50.0
50.0
50.0
50.0
50.0
50.0
50.0
50.0
50.0
50.0
50.0
50.0
50.0
50.0
50.0
50.0
50.0
50.0
50.0
50.0
50.0
50.0
50.0
50.0
50.0
50.0
50.0
50.0
50.0
50.0
50.0
50.0
50.0
50.0
50.0
50.0
50.0
50.0
50.0
50.0
50.0
50.0
50.0
50.0
50.0
50.0
50.0
50.0
50.0
50.0
50.0
50.0
50.0
50.0
50.0
50.0
50.0
50.0
50.0
50.0
50.0
50.0
50.0
50.0
50.0
50.00761795043945
50.03047561645508
50.06861877441406
50.122093200683594
50.19099426269531
50.275413513183594
50.375492095947266
50.49137878417969
50.62325668334961
50.771331787109375
50.93583297729492
51.11703109741211
51.31520462036133
51.53068161010742
51.76380920410156
52.01496887207031
52.28458786010742
52.57311248779297
52.88103103637695
53.20888900756836
53.557247161865234
53.926734924316406
54.318016052246094
54.7318115234375
55.16889190673828
55.630096435546875
56.11630630493164
56.62850570678711
57.167701721191406
57.73502731323242
58.331668853759766
58.95891571044922
59.6181640625
60.31089782714844
61.03873062133789
61.80339813232422
62.60678482055664
63.45090866088867
64.33798217773438
65.2703628540039
66.25064849853516
67.28163146972656
68.36637115478516
69.50818634033203
70.71067810058594
71.97782135009766
73.31396484375
74.72382354736328
76.21265411376953
77.78619384765625

Teta2 45
x,y,headinng,sonar_ang,read,expected
50.0
50.0
50.0
50.0
50.0
50.0
50.0
50.0
50.0
50.0
50.0
50.0
50.0
50.0
50.0
50.0
50.0
50.0
50.0
50.0
50.0
50.0
50.0
50.0
50.0
50.0
50.0
50.0
50.0
50.0
50.0
50.0
50.0
50.0
50.0
50.0
50.0
50.0
50.0
50.0
50.0
50.0
50.0
50.0
50.0
50.0
50.0
50.0
50.0
50.0
50.0
50.0
50.0
50.0
50.0
50.0
50.0
50.0
50.0
50.0
50.0
50.0
50.0
50.0
50.0
50.0
50.0
50.0
50.0
50.0
50.0
50.0
50.0
50.0
50.0
50.0
50.0
50.0
50.0
50.0
50.0
50.0
50.0
50.0
50.0
50.0
50.0
50.0
50.0
50.0
50.0
50.0
50.0
50.0
50.0
50.0
50.0
50.0
50.0
50.0
50.0
50.0
50.0
50.0
50.0
50.0
50.0
50.0
50.0
50.0
50.0
50.0
50.0
50.0
50.0
50.0
50.0
50.0
50.0
50.0
50.0
50.0
50.0
50.0
50.0
50.0
50.0
50.0
50.0
50.0
50.0
50.0
50.0
50.0
50.0
50.0
50.00761795043945
50.03047561645508
50.06861877441406
50.122093200683594
50.19099426269531
50.275413513183594
50.375492095947266
50.49137878417969
50.62325668334961
50.771331787109375
50.93583297729492
51.11703109741211
51.31520462036133
51.53068161010742
51.76380920410156
52.01496887207031
52.28458786010742
52.57311248779297
52.88103103637695
53.20888900756836
53.557247161865234
53.926734924316406
54.318016052246094
54.7318115234375
55.16889190673828
55.630096435546875
56.11630630493164
56.62850570678711
57.167701721191406
57.73502731323242
58.331668853759766
58.95891571044922
59.6181640625
60.31089782714844
61.03873062133789
61.80339813232422
62.60678482055664
63.45090866088867
64.33798217773438
65.2703628540039
66.25064849853516
67.28163146972656
68.36637115478516
69.50818634033203
70.71067810058594

Teta2 50
x,y,headinng,sonar_ang,read,expected
50.0
50.0
50.0
50.0
50.0
50.0
50.0
50.0
50.0
50.0
50.0
50.0
50.0
50.0
50.0
50.0
50.0
50.0
50.0
50.0
50.0
50.0
50.0
50.0
50.0
50.0
50.0
50.0
50.0
50.0
50.0
50.0
50.0
50.0
50.0
50.0
50.0
50.0
50.0
50.0
50.0
50.0
50.0
50.0
50.0
50.0
50.0
50.0
50.0
50.0
50.0
50.0
50.0
50.0
50.0
50.0
50.0
50.0
50.0
50.0
50.0
50.0
50.0
50.0
50.0
50.0
50.0
50.0
50.0
50.0
50.0
50.0
50.0
50.0
50.0
50.0
50.0
50.0
50.0
50.0
50.0
50.0
50.0
50.0
50.0
50.0
50.0
50.0
50.0
50.0
50.0
50.0
50.0
50.0
50.0
50.0
50.0
50.0
50.0
50.0
50.0
50.0
50.0
50.0
50.0
50.0
50.0
50.0
50.0
50.0
50.0
50.0
50.0
50.0
50.0
50.0
50.0
50.0
50.0
50.0
50.0
50.0
50.0
50.0
50.0
50.0
50.0
50.0
50.0
50.0
50.0
50.0
50.0
50.0
50.0
50.0
50.0
50.0
50.0
50.0
50.0
50.00761795043945
50.03047561645508
50.06861877441406
50.122093200683594
50.19099426269531
50.275413513183594
50.375492095947266
50.49137878417969
50.62325668334961
50.771331787109375
50.93583297729492
51.11703109741211
51.31520462036133
51.53068161010742
51.76380920410156
52.01496887207031
52.28458786010742
52.57311248779297
52.88103103637695
53.20888900756836
53.557247161865234
53.926734924316406
54.318016052246094
54.7318115234375
55.16889190673828
55.630096435546875
56.11630630493164
56.62850570678711
57.167701721191406
57.73502731323242
58.331668853759766
58.95891571044922
59.6181640625
60.31089782714844
61.03873062133789
61.80339813232422
62.60678482055664
63.45090866088867
64.33798217773438
65.2703628540039




